timestamp_sec,deviation_from_stimulus_x_dva,deviation_from_stimulus_y_dva,stimulus_x_deg,stimulus_y_deg,kappa_x_deg,kappa_y_deg,is_fixation_outlier,participant_in_training_set
0.0,0.1682,-0.7985,3,-3,-5.6884,1.3437,0.0,True
0.008099999999998886,-0.0848,-0.6825,3,-3,-5.6884,1.3437,0.0,True
0.016599999999998616,0.1711,-0.6796,3,-3,-5.6884,1.3437,0.0,True
0.02499999999999858,0.1187,-0.5563,3,-3,-5.6884,1.3437,0.0,True
0.03309999999999924,0.1748,-0.8411,3,-3,-5.6884,1.3437,0.0,True
0.04169999999999874,0.1533,-0.7032,3,-3,-5.6884,1.3437,0.0,True
0.049999999999998934,0.2287,-0.5918,3,-3,-5.6884,1.3437,0.0,True
0.058099999999999596,0.0241,-0.6644,3,-3,-5.6884,1.3437,0.0,True
0.06659999999999933,0.1016,-0.6708,3,-3,-5.6884,1.3437,0.0,True
0.07499999999999929,-0.0409,-0.5833,3,-3,-5.6884,1.3437,0.0,True
0.08309999999999995,0.0242,-0.6171,3,-3,-5.6884,1.3437,0.0,True
0.09149999999999991,0.1409,-0.5951,3,-3,-5.6884,1.3437,0.0,True
0.09979999999999833,0.2877,-0.7045,3,-3,-5.6884,1.3437,0.0,True
0.10809999999999853,0.2191,-0.7533,3,-3,-5.6884,1.3437,0.0,True
0.1164999999999985,0.1723,-0.6174,3,-3,-5.6884,1.3437,0.0,True
0.12489999999999846,0.1385,-0.7022,3,-3,-5.6884,1.3437,0.0,True
0.13309999999999889,0.0713,-0.7668,3,-3,-5.6884,1.3437,0.0,True
0.14149999999999885,0.071,-0.7133,3,-3,-5.6884,1.3437,0.0,True
0.1498999999999988,0.1533,-0.6573,3,-3,-5.6884,1.3437,0.0,True
0.15809999999999924,0.0662,-0.641,3,-3,-5.6884,1.3437,0.0,True
0.16659999999999897,0.037,-0.6528,3,-3,-5.6884,1.3437,0.0,True
0.17489999999999917,0.0677,-0.6735,3,-3,-5.6884,1.3437,0.0,True
0.1830999999999996,0.1995,-0.6703,3,-3,-5.6884,1.3437,0.0,True
0.19149999999999956,0.0646,-0.7775,3,-3,-5.6884,1.3437,0.0,True
0.19989999999999952,0.2571,-0.6704,3,-3,-5.6884,1.3437,0.0,True
0.20809999999999995,0.3464,-0.7429,3,-3,-5.6884,1.3437,0.0,True
0.21659999999999968,0.285,-0.646,3,-3,-5.6884,1.3437,0.0,True
0.22489999999999988,0.2425,-0.7087,3,-3,-5.6884,1.3437,0.0,True
0.23309999999999853,-0.0109,-0.6835,3,-3,-5.6884,1.3437,0.0,True
0.2414999999999985,0.1304,-0.723,3,-3,-5.6884,1.3437,0.0,True
0.24989999999999846,0.201,-0.6729,3,-3,-5.6884,1.3437,0.0,True
0.2579999999999991,0.2199,-0.7512,3,-3,-5.6884,1.3437,0.0,True
0.26649999999999885,0.109,-0.6241,3,-3,-5.6884,1.3437,0.0,True
0.2748999999999988,0.2444,-0.8545,3,-3,-5.6884,1.3437,0.0,True
0.28309999999999924,0.1136,-0.6896,3,-3,-5.6884,1.3437,0.0,True
0.2914999999999992,0.2829,-0.7096,3,-3,-5.6884,1.3437,0.0,True
0.29989999999999917,0.202,-0.7981,3,-3,-5.6884,1.3437,0.0,True
0.3080999999999996,0.4505,-0.7141,3,-3,-5.6884,1.3437,0.0,True
0.31649999999999956,0.2002,-0.8323,3,-3,-5.6884,1.3437,0.0,True
0.3248999999999995,0.2691,-0.6804,3,-3,-5.6884,1.3437,0.0,True
0.33309999999999995,0.2996,-0.8337,3,-3,-5.6884,1.3437,0.0,True
0.3415999999999997,0.2312,-0.707,3,-3,-5.6884,1.3437,0.0,True
0.3498999999999999,0.2255,-0.5131,3,-3,-5.6884,1.3437,0.0,True
0.35809999999999853,0.1159,-0.3854,3,-3,-5.6884,1.3437,0.0,True
0.36659999999999826,0.2328,-0.3704,3,-3,-5.6884,1.3437,0.0,True
0.37489999999999846,0.0282,-0.2832,3,-3,-5.6884,1.3437,0.0,True
0.3830999999999989,0.046,-0.4562,3,-3,-5.6884,1.3437,0.0,True
0.3915999999999986,0.0947,-0.4978,3,-3,-5.6884,1.3437,0.0,True
0.39979999999999905,0.1208,-0.4532,3,-3,-5.6884,1.3437,0.0,True
0.40809999999999924,0.1797,-0.4352,3,-3,-5.6884,1.3437,0.0,True
0.41659999999999897,0.3159,-0.4109,3,-3,-5.6884,1.3437,0.0,True
0.42489999999999917,0.2923,-0.5141,3,-3,-5.6884,1.3437,0.0,True
0.4330999999999996,0.0566,-0.5101,3,-3,-5.6884,1.3437,0.0,True
0.4415999999999993,0.2961,-0.4683,3,-3,-5.6884,1.3437,0.0,True
0.4499999999999993,0.3089,-0.446,3,-3,-5.6884,1.3437,0.0,True
0.45809999999999995,0.1632,-0.5146,3,-3,-5.6884,1.3437,0.0,True
0.4664999999999999,0.2743,-0.4835,3,-3,-5.6884,1.3437,0.0,True
0.4748999999999999,0.137,-0.5629,3,-3,-5.6884,1.3437,0.0,True
0.48309999999999853,0.2584,-0.4776,3,-3,-5.6884,1.3437,0.0,True
0.49159999999999826,0.0649,-0.6496,3,-3,-5.6884,1.3437,0.0,True
0.49989999999999846,0.2278,-0.6935,3,-3,-5.6884,1.3437,0.0,True
0.5080999999999989,0.0677,-0.6113,3,-3,-5.6884,1.3437,0.0,True
0.5165999999999986,0.3203,-0.5472,3,-3,-5.6884,1.3437,0.0,True
0.5248999999999988,0.2042,-0.5908,3,-3,-5.6884,1.3437,0.0,True
0.533199999999999,0.3668,-0.5212,3,-3,-5.6884,1.3437,0.0,True
0.541599999999999,0.392,-0.639,3,-3,-5.6884,1.3437,0.0,True
0.5498999999999992,0.2981,-0.695,3,-3,-5.6884,1.3437,0.0,True
0.5580999999999996,0.353,-0.525,3,-3,-5.6884,1.3437,0.0,True
0.5664999999999996,0.3217,-0.5295,3,-3,-5.6884,1.3437,0.0,True
0.5748999999999995,0.2629,-0.663,3,-3,-5.6884,1.3437,0.0,True
0.5829999999999984,0.4263,-0.6381,3,-3,-5.6884,1.3437,0.0,True
0.5915999999999997,0.2422,-0.638,3,-3,-5.6884,1.3437,0.0,True
0.5998999999999999,0.2631,-0.5927,3,-3,-5.6884,1.3437,0.0,True
0.6079999999999988,0.2002,-0.6377,3,-3,-5.6884,1.3437,0.0,True
0.6165999999999983,0.1816,-0.6236,3,-3,-5.6884,1.3437,0.0,True
0.6248999999999985,0.1678,-0.6929,3,-3,-5.6884,1.3437,0.0,True
0.6330999999999989,0.1669,-0.628,3,-3,-5.6884,1.3437,0.0,True
0.6415999999999986,0.103,-0.5493,3,-3,-5.6884,1.3437,0.0,True
0.6498999999999988,0.2716,-0.5914,3,-3,-5.6884,1.3437,0.0,True
0.6580999999999992,0.1366,-0.5796,3,-3,-5.6884,1.3437,0.0,True
0.6664999999999992,0.1951,-0.525,3,-3,-5.6884,1.3437,0.0,True
0.6748999999999992,0.0895,-0.5791,3,-3,-5.6884,1.3437,0.0,True
0.6830999999999996,0.1699,-0.6436,3,-3,-5.6884,1.3437,0.0,True
0.6914999999999996,0.2674,-0.5111,3,-3,-5.6884,1.3437,0.0,True
0.6998999999999995,0.2073,-0.4401,3,-3,-5.6884,1.3437,0.0,True
0.7081,0.0357,-0.5193,3,-3,-5.6884,1.3437,0.0,True
0.7165999999999997,0.1301,-0.569,3,-3,-5.6884,1.3437,0.0,True
0.7249999999999996,0.1071,-0.6688,3,-3,-5.6884,1.3437,0.0,True
0.7330999999999985,0.1635,-0.5911,3,-3,-5.6884,1.3437,0.0,True
0.7415999999999983,0.0486,-0.6885,3,-3,-5.6884,1.3437,0.0,True
0.7498999999999985,0.1112,-0.661,3,-3,-5.6884,1.3437,0.0,True
0.7580999999999989,0.0729,-0.65,3,-3,-5.6884,1.3437,0.0,True
0.7664999999999988,0.1084,-0.7244,3,-3,-5.6884,1.3437,0.0,True
0.7749999999999986,0.1129,-0.6268,3,-3,-5.6884,1.3437,0.0,True
0.7830999999999992,0.0484,-0.5053,3,-3,-5.6884,1.3437,0.0,True
0.791599999999999,0.0391,-0.6279,3,-3,-5.6884,1.3437,0.0,True
0.7997999999999994,0.0638,-0.7045,3,-3,-5.6884,1.3437,0.0,True
0.8080999999999996,0.1399,-0.6711,3,-3,-5.6884,1.3437,0.0,True
0.8164999999999996,0.1194,-0.6179,3,-3,-5.6884,1.3437,0.0,True
0.8249999999999993,0.2321,-0.6731,3,-3,-5.6884,1.3437,0.0,True
0.8331999999999997,0.0291,-0.6065,3,-3,-5.6884,1.3437,0.0,True
0.8414999999999999,0.1461,-0.6034,3,-3,-5.6884,1.3437,0.0,True
0.8498999999999999,0.0668,-0.666,3,-3,-5.6884,1.3437,0.0,True
0.8580999999999985,0.117,-0.5918,3,-3,-5.6884,1.3437,0.0,True
0.8664999999999985,0.1391,-0.5077,3,-3,-5.6884,1.3437,0.0,True
0.8748999999999985,0.1876,-0.4827,3,-3,-5.6884,1.3437,0.0,True
0.8830999999999989,0.232,-0.5266,3,-3,-5.6884,1.3437,0.0,True
0.8915999999999986,0.1873,-0.6093,3,-3,-5.6884,1.3437,0.0,True
0.9000999999999983,0.2392,-0.4912,3,-3,-5.6884,1.3437,0.0,True
0.9080999999999992,0.153,-0.6969,3,-3,-5.6884,1.3437,0.0,True
0.916599999999999,0.2421,-0.5531,3,-3,-5.6884,1.3437,0.0,True
0.9248999999999992,0.069,-0.5188,3,-3,-5.6884,1.3437,0.0,True
0.9330999999999996,0.1815,-0.5536,3,-3,-5.6884,1.3437,0.0,True
0.9414999999999996,0.0784,-0.5934,3,-3,-5.6884,1.3437,0.0,True
0.9498999999999995,0.131,-0.6137,3,-3,-5.6884,1.3437,0.0,True
0.9579999999999984,0.1197,-0.5155,3,-3,-5.6884,1.3437,0.0,True
0.9664999999999999,0.1604,-0.5961,3,-3,-5.6884,1.3437,0.0,True
0.9748999999999999,0.0172,-0.5478,3,-3,-5.6884,1.3437,0.0,True
0.9830999999999985,0.131,-0.5607,3,-3,-5.6884,1.3437,0.0,True
0.9914999999999985,-0.0153,-0.5566,3,-3,-5.6884,1.3437,0.0,True
0.9998999999999985,0.1007,-0.5985,3,-3,-5.6884,1.3437,0.0,True
1.0079999999999991,0.0913,-0.5612,3,-3,-5.6884,1.3437,0.0,True
1.0165999999999986,0.0718,-0.611,3,-3,-5.6884,1.3437,0.0,True
1.0248999999999988,0.0778,-0.4986,3,-3,-5.6884,1.3437,0.0,True
1.0330999999999992,0.1842,-0.5905,3,-3,-5.6884,1.3437,0.0,True
1.0414999999999992,-0.0983,-0.5758,3,-3,-5.6884,1.3437,0.0,True
1.0498999999999992,0.0411,-0.4278,3,-3,-5.6884,1.3437,0.0,True
1.0580999999999996,0.0794,-0.5726,3,-3,-5.6884,1.3437,0.0,True
1.0664999999999996,0.1147,-0.3593,3,-3,-5.6884,1.3437,0.0,True
1.0748999999999995,0.0971,-0.3491,3,-3,-5.6884,1.3437,0.0,True
1.0831,-0.0563,-0.529,3,-3,-5.6884,1.3437,0.0,True
1.0915999999999997,-0.0765,-0.7212,3,-3,-5.6884,1.3437,0.0,True
1.0998999999999999,0.0937,-0.5336,3,-3,-5.6884,1.3437,0.0,True
1.1080999999999985,0.1421,-0.4963,3,-3,-5.6884,1.3437,0.0,True
1.1164999999999985,0.1043,-0.6973,3,-3,-5.6884,1.3437,0.0,True
1.1248999999999985,0.0641,-0.5067,3,-3,-5.6884,1.3437,0.0,True
1.1330999999999989,0.0515,-0.5029,3,-3,-5.6884,1.3437,0.0,True
1.1415999999999986,0.1402,-0.6329,3,-3,-5.6884,1.3437,0.0,True
1.1498999999999988,0.031,-0.548,3,-3,-5.6884,1.3437,0.0,True
1.1580999999999992,-0.1442,-0.67,3,-3,-5.6884,1.3437,0.0,True
1.1664999999999992,0.0614,-0.5612,3,-3,-5.6884,1.3437,0.0,True
1.1748999999999992,0.0586,-0.6055,3,-3,-5.6884,1.3437,0.0,True
1.1830999999999996,-0.008,-0.5043,3,-3,-5.6884,1.3437,0.0,True
1.1915999999999993,-0.1069,-0.584,3,-3,-5.6884,1.3437,0.0,True
1.1998999999999995,-0.0619,-0.5539,3,-3,-5.6884,1.3437,0.0,True
1.2079999999999984,0.0148,-0.3745,3,-3,-5.6884,1.3437,0.0,True
1.2165,-0.0091,-0.6373,3,-3,-5.6884,1.3437,0.0,True
1.2248999999999999,-0.0291,-0.5223,3,-3,-5.6884,1.3437,0.0,True
1.2330999999999985,0.082,-0.4227,3,-3,-5.6884,1.3437,0.0,True
1.2414999999999985,0.0878,-0.4723,3,-3,-5.6884,1.3437,0.0,True
1.2498999999999985,-0.0637,-0.4936,3,-3,-5.6884,1.3437,0.0,True
1.2579999999999991,-0.071,-0.5819,3,-3,-5.6884,1.3437,0.0,True
1.2664999999999988,-0.0284,-0.3592,3,-3,-5.6884,1.3437,0.0,True
1.2748999999999988,0.0707,-0.4953,3,-3,-5.6884,1.3437,0.0,True
1.2829999999999995,0.069,-0.5721,3,-3,-5.6884,1.3437,0.0,True
1.2914999999999992,-0.0558,-0.4685,3,-3,-5.6884,1.3437,0.0,True
1.2998999999999992,0.0322,-0.608,3,-3,-5.6884,1.3437,0.0,True
1.3080999999999996,0.018,-0.4678,3,-3,-5.6884,1.3437,0.0,True
1.3165999999999993,-0.0353,-0.4832,3,-3,-5.6884,1.3437,0.0,True
1.3248999999999995,0.0943,-0.4634,3,-3,-5.6884,1.3437,0.0,True
1.3331,-0.1071,-0.5332,3,-3,-5.6884,1.3437,0.0,True
1.3415,0.0818,-0.4819,3,-3,-5.6884,1.3437,0.0,True
1.3498999999999999,0.1196,-0.6244,3,-3,-5.6884,1.3437,0.0,True
1.3580999999999985,0.0471,-0.5321,3,-3,-5.6884,1.3437,0.0,True
1.3664999999999985,0.1051,-0.5617,3,-3,-5.6884,1.3437,0.0,True
1.3748999999999985,0.2521,-0.6846,3,-3,-5.6884,1.3437,0.0,True
1.3830999999999989,0.2074,-0.3756,3,-3,-5.6884,1.3437,0.0,True
1.3915999999999986,0.0743,-0.6655,3,-3,-5.6884,1.3437,0.0,True
1.3998999999999988,0.1218,-0.5141,3,-3,-5.6884,1.3437,0.0,True
1.4079999999999995,0.0778,-0.457,3,-3,-5.6884,1.3437,0.0,True
1.4164999999999992,0.1325,-0.6237,3,-3,-5.6884,1.3437,0.0,True
1.424999999999999,0.1249,-0.5501,3,-3,-5.6884,1.3437,0.0,True
1.4330999999999996,-0.0281,-0.6241,3,-3,-5.6884,1.3437,0.0,True
1.4415999999999993,0.1767,-0.5251,3,-3,-5.6884,1.3437,0.0,True
1.4498999999999995,0.1258,-0.5895,3,-3,-5.6884,1.3437,0.0,True
1.4579999999999984,0.0852,-0.6814,3,-3,-5.6884,1.3437,0.0,True
1.4665,0.0168,-0.5315,3,-3,-5.6884,1.3437,0.0,True
1.4748999999999999,0.0124,-0.508,3,-3,-5.6884,1.3437,0.0,True
1.4829999999999988,0.3514,-0.3067,3,-3,-5.6884,1.3437,0.0,True
1.4915999999999983,0.1019,-0.592,3,-3,-5.6884,1.3437,0.0,True
1.4998999999999985,0.0918,-0.4153,3,-3,-5.6884,1.3437,0.0,True
1.5079999999999991,-0.0563,-0.4533,3,-3,-5.6884,1.3437,0.0,True
1.5164999999999988,0.1049,-0.4614,3,-3,-5.6884,1.3437,0.0,True
1.5249999999999986,0.1977,-0.4057,3,-3,-5.6884,1.3437,0.0,True
1.5330999999999992,0.0814,-0.478,3,-3,-5.6884,1.3437,0.0,True
1.5414999999999992,0.0847,-0.4119,3,-3,-5.6884,1.3437,0.0,True
1.5498999999999992,0.2308,-0.4385,3,-3,-5.6884,1.3437,0.0,True
1.5579999999999998,0.0149,-0.4133,3,-3,-5.6884,1.3437,0.0,True
1.5664999999999996,0.0542,-0.4586,3,-3,-5.6884,1.3437,0.0,True
1.5748999999999995,-0.0069,-0.453,3,-3,-5.6884,1.3437,0.0,True
1.5829999999999984,0.2279,-0.3021,3,-3,-5.6884,1.3437,0.0,True
1.5915999999999997,0.0945,-0.4093,3,-3,-5.6884,1.3437,0.0,True
1.5998999999999999,0.161,-0.3342,3,-3,-5.6884,1.3437,0.0,True
1.6080999999999985,0.161,-0.3413,3,-3,-5.6884,1.3437,0.0,True
1.6165999999999983,0.1622,-0.413,3,-3,-5.6884,1.3437,0.0,True
1.6248999999999985,0.1537,-0.4046,3,-3,-5.6884,1.3437,0.0,True
2.4497,0.1897,0.0679,0,6,-5.6884,1.3437,0.0,True
2.4581,0.2958,0.1538,0,6,-5.6884,1.3437,0.0,True
2.4665999999999997,0.2219,0.2036,0,6,-5.6884,1.3437,0.0,True
2.4746999999999986,0.1261,0.0417,0,6,-5.6884,1.3437,0.0,True
2.4829999999999988,0.1809,0.0285,0,6,-5.6884,1.3437,0.0,True
2.4915999999999983,0.2793,0.2298,0,6,-5.6884,1.3437,0.0,True
2.499699999999999,0.2555,0.1565,0,6,-5.6884,1.3437,0.0,True
2.508099999999999,0.1132,0.1251,0,6,-5.6884,1.3437,0.0,True
2.5165999999999986,0.143,0.1769,0,6,-5.6884,1.3437,0.0,True
2.5246999999999993,0.2364,0.2378,0,6,-5.6884,1.3437,0.0,True
2.533199999999999,0.1896,0.1069,0,6,-5.6884,1.3437,0.0,True
2.541499999999999,0.1016,0.0337,0,6,-5.6884,1.3437,0.0,True
2.5496999999999996,0.2735,0.0891,0,6,-5.6884,1.3437,0.0,True
2.5580999999999996,0.2828,0.1222,0,6,-5.6884,1.3437,0.0,True
2.5665999999999993,0.1767,0.1171,0,6,-5.6884,1.3437,0.0,True
2.5747,0.0831,0.1802,0,6,-5.6884,1.3437,0.0,True
2.5831999999999997,0.1446,0.0192,0,6,-5.6884,1.3437,0.0,True
2.5915,0.2224,0.175,0,6,-5.6884,1.3437,0.0,True
2.5997999999999983,0.1132,0.1018,0,6,-5.6884,1.3437,0.0,True
2.6080999999999985,0.0871,0.1108,0,6,-5.6884,1.3437,0.0,True
2.6164999999999985,0.1479,0.1532,0,6,-5.6884,1.3437,0.0,True
2.624699999999999,0.0747,0.179,0,6,-5.6884,1.3437,0.0,True
2.633099999999999,0.1695,0.0989,0,6,-5.6884,1.3437,0.0,True
2.6415999999999986,0.0288,0.1945,0,6,-5.6884,1.3437,0.0,True
2.6496999999999993,0.1111,0.2556,0,6,-5.6884,1.3437,0.0,True
2.6580999999999992,0.1488,0.1722,0,6,-5.6884,1.3437,0.0,True
2.666599999999999,0.1726,0.1787,0,6,-5.6884,1.3437,0.0,True
2.6746999999999996,0.1116,0.1946,0,6,-5.6884,1.3437,0.0,True
2.6830999999999996,0.1864,0.2021,0,6,-5.6884,1.3437,0.0,True
2.6914999999999996,0.1407,0.1587,0,6,-5.6884,1.3437,0.0,True
2.6997,0.1195,0.1851,0,6,-5.6884,1.3437,0.0,True
2.7081,0.2785,0.1883,0,6,-5.6884,1.3437,0.0,True
2.7165999999999997,0.1995,0.0629,0,6,-5.6884,1.3437,0.0,True
2.7246999999999986,0.2236,0.1904,0,6,-5.6884,1.3437,0.0,True
2.7330999999999985,0.1925,0.2165,0,6,-5.6884,1.3437,0.0,True
2.7415999999999983,0.1555,0.1516,0,6,-5.6884,1.3437,0.0,True
2.749699999999999,0.1646,0.1691,0,6,-5.6884,1.3437,0.0,True
2.758099999999999,0.1581,0.1356,0,6,-5.6884,1.3437,0.0,True
2.7665999999999986,0.11,0.1195,0,6,-5.6884,1.3437,0.0,True
2.7746999999999993,0.1436,0.1523,0,6,-5.6884,1.3437,0.0,True
2.7829999999999995,0.0889,0.1774,0,6,-5.6884,1.3437,0.0,True
2.791599999999999,0.21,0.2072,0,6,-5.6884,1.3437,0.0,True
2.7996999999999996,0.1874,0.2557,0,6,-5.6884,1.3437,0.0,True
2.8080999999999996,0.1291,0.233,0,6,-5.6884,1.3437,0.0,True
2.8165999999999993,0.1148,0.222,0,6,-5.6884,1.3437,0.0,True
2.8247999999999998,0.1853,0.2024,0,6,-5.6884,1.3437,0.0,True
2.8331999999999997,0.0476,0.2523,0,6,-5.6884,1.3437,0.0,True
2.8415999999999997,0.0403,0.146,0,6,-5.6884,1.3437,0.0,True
2.8496999999999986,0.1454,0.2031,0,6,-5.6884,1.3437,0.0,True
2.8579999999999988,0.063,0.2721,0,6,-5.6884,1.3437,0.0,True
2.8664999999999985,0.0917,0.1454,0,6,-5.6884,1.3437,0.0,True
2.874699999999999,0.1127,0.1717,0,6,-5.6884,1.3437,0.0,True
2.883099999999999,0.0697,0.1737,0,6,-5.6884,1.3437,0.0,True
2.8915999999999986,0.0671,0.2529,0,6,-5.6884,1.3437,0.0,True
2.8996999999999993,-0.0156,0.2081,0,6,-5.6884,1.3437,0.0,True
2.9080999999999992,0.1032,0.2392,0,6,-5.6884,1.3437,0.0,True
2.916499999999999,0.0643,0.2246,0,6,-5.6884,1.3437,0.0,True
2.9246999999999996,-0.0208,0.2613,0,6,-5.6884,1.3437,0.0,True
2.9330999999999996,-0.0571,0.1932,0,6,-5.6884,1.3437,0.0,True
2.9415999999999993,0.0181,0.2209,0,6,-5.6884,1.3437,0.0,True
2.9497,0.0384,0.2703,0,6,-5.6884,1.3437,0.0,True
2.9581,0.0027,0.2242,0,6,-5.6884,1.3437,0.0,True
2.9665,-0.0672,0.207,0,6,-5.6884,1.3437,0.0,True
2.9746999999999986,-0.069,0.1638,0,6,-5.6884,1.3437,0.0,True
2.9831999999999983,-0.1023,0.2325,0,6,-5.6884,1.3437,0.0,True
2.9917,-0.0515,0.2113,0,6,-5.6884,1.3437,0.0,True
2.9997999999999987,-0.0417,0.1624,0,6,-5.6884,1.3437,0.0,True
3.0081999999999987,-0.0265,0.2134,0,6,-5.6884,1.3437,0.0,True
3.0165999999999986,-0.0342,0.2157,0,6,-5.6884,1.3437,0.0,True
3.0246999999999993,-0.0145,0.1126,0,6,-5.6884,1.3437,0.0,True
3.0330999999999992,-0.0505,0.1975,0,6,-5.6884,1.3437,0.0,True
3.041599999999999,0.0083,0.2165,0,6,-5.6884,1.3437,0.0,True
3.0496999999999996,0.0061,0.1628,0,6,-5.6884,1.3437,0.0,True
3.0580999999999996,-0.1051,0.1383,0,6,-5.6884,1.3437,0.0,True
3.0664999999999996,0.0864,0.0977,0,6,-5.6884,1.3437,0.0,True
3.0747,0.1094,0.053,0,6,-5.6884,1.3437,0.0,True
3.0831,-0.0832,0.1043,0,6,-5.6884,1.3437,0.0,True
3.0915999999999997,0.0107,0.1114,0,6,-5.6884,1.3437,0.0,True
3.0996999999999986,0.0264,0.0314,0,6,-5.6884,1.3437,0.0,True
3.1081999999999983,-0.0855,0.1881,0,6,-5.6884,1.3437,0.0,True
3.1164999999999985,0.0503,0.0724,0,6,-5.6884,1.3437,0.0,True
3.124699999999999,0.0359,0.12,0,6,-5.6884,1.3437,0.0,True
3.133099999999999,-0.0184,0.1433,0,6,-5.6884,1.3437,0.0,True
3.141499999999999,0.0523,0.1353,0,6,-5.6884,1.3437,0.0,True
3.1496999999999993,-0.0506,0.1538,0,6,-5.6884,1.3437,0.0,True
3.1580999999999992,-0.0678,0.1251,0,6,-5.6884,1.3437,0.0,True
3.1663999999999994,0.0296,0.0621,0,6,-5.6884,1.3437,0.0,True
3.1746999999999996,-0.0503,0.0898,0,6,-5.6884,1.3437,0.0,True
3.1831999999999994,0.0314,0.1061,0,6,-5.6884,1.3437,0.0,True
3.1914,0.0005,0.0182,0,6,-5.6884,1.3437,0.0,True
3.1997,-0.0313,0.0515,0,6,-5.6884,1.3437,0.0,True
3.2081,-0.065,0.1169,0,6,-5.6884,1.3437,0.0,True
3.2165,-0.0213,0.1182,0,6,-5.6884,1.3437,0.0,True
3.2246999999999986,0.0219,0.1223,0,6,-5.6884,1.3437,0.0,True
3.2330999999999985,0.0238,0.1223,0,6,-5.6884,1.3437,0.0,True
3.2414999999999985,0.1243,0.0496,0,6,-5.6884,1.3437,0.0,True
3.249699999999999,-0.058,0.0381,0,6,-5.6884,1.3437,0.0,True
3.257999999999999,0.0062,0.0914,0,6,-5.6884,1.3437,0.0,True
3.266399999999999,-0.0331,0.0246,0,6,-5.6884,1.3437,0.0,True
3.2746999999999993,0.0823,0.0264,0,6,-5.6884,1.3437,0.0,True
3.2829999999999995,-0.1161,0.0257,0,6,-5.6884,1.3437,0.0,True
3.291499999999999,-0.0094,0.0612,0,6,-5.6884,1.3437,0.0,True
3.2996999999999996,0.0663,0.0838,0,6,-5.6884,1.3437,0.0,True
3.3080999999999996,-0.0401,0.1521,0,6,-5.6884,1.3437,0.0,True
3.3164999999999996,-0.0227,0.0871,0,6,-5.6884,1.3437,0.0,True
3.3247,-0.0857,0.1158,0,6,-5.6884,1.3437,0.0,True
3.3331,-0.0075,0.2273,0,6,-5.6884,1.3437,0.0,True
3.3415,0.0101,0.1331,0,6,-5.6884,1.3437,0.0,True
3.3496999999999986,-0.0704,0.0102,0,6,-5.6884,1.3437,0.0,True
3.3580999999999985,0.0347,0.1098,0,6,-5.6884,1.3437,0.0,True
3.3664999999999985,0.0428,0.0775,0,6,-5.6884,1.3437,0.0,True
3.374699999999999,-0.1516,0.0536,0,6,-5.6884,1.3437,0.0,True
3.382999999999999,-0.0504,0.2993,0,6,-5.6884,1.3437,0.0,True
3.391499999999999,0.008,0.1417,0,6,-5.6884,1.3437,0.0,True
3.399799999999999,-0.0007,0.1351,0,6,-5.6884,1.3437,0.0,True
3.4080999999999992,0.0327,0.1236,0,6,-5.6884,1.3437,0.0,True
3.4163999999999994,-0.0012,0.1411,0,6,-5.6884,1.3437,0.0,True
3.4246999999999996,-0.0254,0.2774,0,6,-5.6884,1.3437,0.0,True
3.4331999999999994,0.0231,0.1135,0,6,-5.6884,1.3437,0.0,True
3.4414999999999996,-0.0704,0.1736,0,6,-5.6884,1.3437,0.0,True
3.4497,-0.0053,0.2516,0,6,-5.6884,1.3437,0.0,True
3.4581,-0.122,0.2447,0,6,-5.6884,1.3437,0.0,True
3.4665,-0.1243,0.1865,0,6,-5.6884,1.3437,0.0,True
3.4747999999999983,0.0054,0.1638,0,6,-5.6884,1.3437,0.0,True
3.4830999999999985,-0.0699,0.136,0,6,-5.6884,1.3437,0.0,True
3.4913999999999987,-0.024,0.1258,0,6,-5.6884,1.3437,0.0,True
3.4997999999999987,-0.0031,0.118,0,6,-5.6884,1.3437,0.0,True
3.508099999999999,-0.0708,0.0949,0,6,-5.6884,1.3437,0.0,True
3.516399999999999,-0.1003,0.0864,0,6,-5.6884,1.3437,0.0,True
3.5246999999999993,-0.1298,0.0554,0,6,-5.6884,1.3437,0.0,True
3.5330999999999992,-0.1064,0.1859,0,6,-5.6884,1.3437,0.0,True
3.5413999999999994,-0.0029,0.183,0,6,-5.6884,1.3437,0.0,True
3.5496999999999996,-0.0232,0.1695,0,6,-5.6884,1.3437,0.0,True
3.5580999999999996,-0.1127,0.171,0,6,-5.6884,1.3437,0.0,True
3.5664,-0.0195,0.2599,0,6,-5.6884,1.3437,0.0,True
3.5747,0.0391,0.1723,0,6,-5.6884,1.3437,0.0,True
3.5831,-0.083,0.1688,0,6,-5.6884,1.3437,0.0,True
3.5913999999999984,-0.0714,0.2192,0,6,-5.6884,1.3437,0.0,True
3.5996999999999986,-0.0562,0.2176,0,6,-5.6884,1.3437,0.0,True
3.6080999999999985,-0.012,0.2175,0,6,-5.6884,1.3437,0.0,True
3.6163999999999987,-0.062,0.1398,0,6,-5.6884,1.3437,0.0,True
3.624699999999999,-0.0635,0.1329,0,6,-5.6884,1.3437,0.0,True
3.633099999999999,-0.0136,0.2133,0,6,-5.6884,1.3437,0.0,True
3.641499999999999,-0.089,0.1419,0,6,-5.6884,1.3437,0.0,True
3.6496999999999993,-0.0933,0.1368,0,6,-5.6884,1.3437,0.0,True
3.6580999999999992,0.064,0.1482,0,6,-5.6884,1.3437,0.0,True
3.6663999999999994,-0.2014,0.0828,0,6,-5.6884,1.3437,0.0,True
3.6746999999999996,-0.0615,0.1355,0,6,-5.6884,1.3437,0.0,True
3.683,-0.2018,-0.0132,0,6,-5.6884,1.3437,0.0,True
3.6914999999999996,-0.1066,0.1042,0,6,-5.6884,1.3437,0.0,True
3.6997,-0.1515,0.0967,0,6,-5.6884,1.3437,0.0,True
3.7081,-0.0529,0.1319,0,6,-5.6884,1.3437,0.0,True
3.7163999999999984,-0.0906,0.1179,0,6,-5.6884,1.3437,0.0,True
3.7246999999999986,-0.0373,0.1256,0,6,-5.6884,1.3437,0.0,True
3.7330999999999985,-0.0777,0.1621,0,6,-5.6884,1.3437,0.0,True
3.7414999999999985,-0.0108,0.1006,0,6,-5.6884,1.3437,0.0,True
3.749699999999999,-0.1819,0.1373,0,6,-5.6884,1.3437,0.0,True
3.758099999999999,-0.0601,0.0157,0,6,-5.6884,1.3437,0.0,True
3.766399999999999,-0.0986,0.1106,0,6,-5.6884,1.3437,0.0,True
3.7746999999999993,-0.1103,0.1046,0,6,-5.6884,1.3437,0.0,True
3.7829999999999995,0.0353,0.0534,0,6,-5.6884,1.3437,0.0,True
3.791499999999999,-0.0407,0.049,0,6,-5.6884,1.3437,0.0,True
3.7997999999999994,-0.0573,-0.0467,0,6,-5.6884,1.3437,0.0,True
3.8080999999999996,-0.1395,0.0394,0,6,-5.6884,1.3437,0.0,True
3.8164999999999996,-0.0124,0.1231,0,6,-5.6884,1.3437,0.0,True
3.8247,0.052,0.1077,0,6,-5.6884,1.3437,0.0,True
3.8331,-0.0689,-0.0785,0,6,-5.6884,1.3437,0.0,True
3.8415,-0.0659,-0.1477,0,6,-5.6884,1.3437,0.0,True
3.8496999999999986,0.0437,-0.0219,0,6,-5.6884,1.3437,0.0,True
3.8580999999999985,0.0728,0.0253,0,6,-5.6884,1.3437,0.0,True
3.8664999999999985,-0.0505,-0.0725,0,6,-5.6884,1.3437,0.0,True
3.874699999999999,-0.1685,-0.2309,0,6,-5.6884,1.3437,0.0,True
3.883099999999999,-0.0041,0.0331,0,6,-5.6884,1.3437,0.0,True
3.891499999999999,-0.0797,-0.0671,0,6,-5.6884,1.3437,0.0,True
3.8996999999999993,-0.1096,0.0187,0,6,-5.6884,1.3437,0.0,True
3.9080999999999992,-0.1131,-0.1133,0,6,-5.6884,1.3437,0.0,True
4.982999999999999,-0.0325,-0.6762,3,0,-5.6884,1.3437,0.0,True
4.9914999999999985,0.0205,-0.6591,3,0,-5.6884,1.3437,0.0,True
4.999699999999999,-0.0093,-0.702,3,0,-5.6884,1.3437,0.0,True
5.007999999999999,-0.1955,-0.6651,3,0,-5.6884,1.3437,0.0,True
5.016399999999999,-0.2556,-0.4755,3,0,-5.6884,1.3437,0.0,True
5.024699999999999,-0.2442,-0.5004,3,0,-5.6884,1.3437,0.0,True
5.033099999999999,-0.1991,-0.4827,3,0,-5.6884,1.3437,0.0,True
5.041399999999999,-0.1695,-0.5043,3,0,-5.6884,1.3437,0.0,True
5.0497,-0.1707,-0.5383,3,0,-5.6884,1.3437,0.0,True
5.058,-0.2019,-0.5497,3,0,-5.6884,1.3437,0.0,True
5.0664,-0.3031,-0.6828,3,0,-5.6884,1.3437,0.0,True
5.0747,-0.0889,-0.5749,3,0,-5.6884,1.3437,0.0,True
5.082999999999998,-0.0704,-0.478,3,0,-5.6884,1.3437,0.0,True
5.0915,0.2638,-0.6547,3,0,-5.6884,1.3437,0.0,True
5.099699999999999,0.2218,-0.4786,3,0,-5.6884,1.3437,0.0,True
5.1080999999999985,0.0866,-0.5431,3,0,-5.6884,1.3437,0.0,True
5.116399999999999,0.1475,-0.6262,3,0,-5.6884,1.3437,0.0,True
5.124699999999999,0.266,-0.6694,3,0,-5.6884,1.3437,0.0,True
5.133099999999999,0.3145,-0.5563,3,0,-5.6884,1.3437,0.0,True
5.141499999999999,0.0901,-0.4877,3,0,-5.6884,1.3437,0.0,True
5.149699999999999,0.2419,-0.6863,3,0,-5.6884,1.3437,0.0,True
5.158099999999999,0.1553,-0.5185,3,0,-5.6884,1.3437,0.0,True
5.166399999999999,0.1401,-0.4875,3,0,-5.6884,1.3437,0.0,True
5.1747,0.2026,-0.5578,3,0,-5.6884,1.3437,0.0,True
5.183,0.0679,-0.4383,3,0,-5.6884,1.3437,0.0,True
5.1915,0.1862,-0.441,3,0,-5.6884,1.3437,0.0,True
5.1997,0.0839,-0.2971,3,0,-5.6884,1.3437,0.0,True
5.207999999999998,0.1512,-0.4319,3,0,-5.6884,1.3437,0.0,True
5.216399999999998,0.1478,-0.4316,3,0,-5.6884,1.3437,0.0,True
5.224699999999999,0.2037,-0.3469,3,0,-5.6884,1.3437,0.0,True
5.2330999999999985,0.2476,-0.4186,3,0,-5.6884,1.3437,0.0,True
5.2414999999999985,0.1416,-0.362,3,0,-5.6884,1.3437,0.0,True
5.249699999999999,0.1829,-0.467,3,0,-5.6884,1.3437,0.0,True
5.258099999999999,0.0359,-0.4673,3,0,-5.6884,1.3437,0.0,True
5.266399999999999,0.0684,-0.5174,3,0,-5.6884,1.3437,0.0,True
5.274699999999999,-0.0481,-0.4886,3,0,-5.6884,1.3437,0.0,True
5.2829999999999995,0.0462,-0.585,3,0,-5.6884,1.3437,0.0,True
5.291399999999999,0.1517,-0.6078,3,0,-5.6884,1.3437,0.0,True
5.2997,-0.0856,-0.54,3,0,-5.6884,1.3437,0.0,True
5.3081,0.0762,-0.4661,3,0,-5.6884,1.3437,0.0,True
5.3164,-0.0287,-0.424,3,0,-5.6884,1.3437,0.0,True
5.3247,0.1486,-0.4728,3,0,-5.6884,1.3437,0.0,True
5.3331,0.0661,-0.5234,3,0,-5.6884,1.3437,0.0,True
5.341399999999998,0.0488,-0.574,3,0,-5.6884,1.3437,0.0,True
5.349699999999999,-0.0936,-0.4838,3,0,-5.6884,1.3437,0.0,True
5.357999999999999,-0.0757,-0.4801,3,0,-5.6884,1.3437,0.0,True
5.366399999999999,0.041,-0.5785,3,0,-5.6884,1.3437,0.0,True
5.374799999999999,-0.0744,-0.5598,3,0,-5.6884,1.3437,0.0,True
5.383099999999999,0.0031,-0.4039,3,0,-5.6884,1.3437,0.0,True
5.391399999999999,-0.2374,-0.4138,3,0,-5.6884,1.3437,0.0,True
5.399699999999999,-0.3441,-0.3945,3,0,-5.6884,1.3437,0.0,True
5.4079999999999995,-0.0163,-0.6588,3,0,-5.6884,1.3437,0.0,True
5.416399999999999,0.148,-0.4121,3,0,-5.6884,1.3437,0.0,True
5.4247,-0.1404,-0.4945,3,0,-5.6884,1.3437,0.0,True
5.4331,-0.0921,-0.4828,3,0,-5.6884,1.3437,0.0,True
5.4414,-0.1258,-0.6036,3,0,-5.6884,1.3437,0.0,True
5.4497,-0.102,-0.6125,3,0,-5.6884,1.3437,0.0,True
5.4581,-0.0822,-0.6318,3,0,-5.6884,1.3437,0.0,True
5.4665,-0.1274,-0.4485,3,0,-5.6884,1.3437,0.0,True
5.474799999999998,-0.1722,-0.5276,3,0,-5.6884,1.3437,0.0,True
5.482999999999999,-0.1985,-0.5889,3,0,-5.6884,1.3437,0.0,True
5.491399999999999,-0.072,-0.6018,3,0,-5.6884,1.3437,0.0,True
5.499699999999999,-0.0708,-0.5599,3,0,-5.6884,1.3437,0.0,True
5.507999999999999,-0.1065,-0.5242,3,0,-5.6884,1.3437,0.0,True
5.516399999999999,-0.1204,-0.5108,3,0,-5.6884,1.3437,0.0,True
5.524699999999999,-0.1399,-0.5365,3,0,-5.6884,1.3437,0.0,True
5.533099999999999,0.0127,-0.5256,3,0,-5.6884,1.3437,0.0,True
5.541399999999999,-0.0308,-0.5442,3,0,-5.6884,1.3437,0.0,True
5.549799999999999,-0.0746,-0.6998,3,0,-5.6884,1.3437,0.0,True
5.5581,-0.0379,-0.6651,3,0,-5.6884,1.3437,0.0,True
5.5664,0.2253,-0.6447,3,0,-5.6884,1.3437,0.0,True
5.5747,0.0194,-0.6123,3,0,-5.6884,1.3437,0.0,True
5.582999999999998,-0.0287,-0.7108,3,0,-5.6884,1.3437,0.0,True
5.591399999999998,0.0128,-0.6254,3,0,-5.6884,1.3437,0.0,True
5.599799999999998,-0.063,-0.5952,3,0,-5.6884,1.3437,0.0,True
5.6080999999999985,-0.0093,-0.505,3,0,-5.6884,1.3437,0.0,True
5.616399999999999,-0.1173,-0.476,3,0,-5.6884,1.3437,0.0,True
5.624699999999999,-0.0362,-0.5663,3,0,-5.6884,1.3437,0.0,True
5.633099999999999,-0.0123,-0.4188,3,0,-5.6884,1.3437,0.0,True
5.641399999999999,-0.017,-0.5365,3,0,-5.6884,1.3437,0.0,True
5.649699999999999,0.0382,-0.373,3,0,-5.6884,1.3437,0.0,True
5.658099999999999,-0.1046,-0.3671,3,0,-5.6884,1.3437,0.0,True
5.666399999999999,-0.0305,-0.374,3,0,-5.6884,1.3437,0.0,True
5.6747,-0.0911,-0.3987,3,0,-5.6884,1.3437,0.0,True
5.6831,0.1163,-0.5209,3,0,-5.6884,1.3437,0.0,True
5.6914,-0.0415,-0.4778,3,0,-5.6884,1.3437,0.0,True
5.6997,0.0639,-0.3866,3,0,-5.6884,1.3437,0.0,True
5.7081,-0.1213,-0.5049,3,0,-5.6884,1.3437,0.0,True
5.716399999999998,-0.074,-0.4847,3,0,-5.6884,1.3437,0.0,True
5.724699999999999,-0.0323,-0.5156,3,0,-5.6884,1.3437,0.0,True
5.7330999999999985,-0.0852,-0.5165,3,0,-5.6884,1.3437,0.0,True
5.7414999999999985,-0.0796,-0.4018,3,0,-5.6884,1.3437,0.0,True
5.749699999999999,0.0127,-0.5622,3,0,-5.6884,1.3437,0.0,True
5.758099999999999,-0.1037,-0.5475,3,0,-5.6884,1.3437,0.0,True
5.766499999999999,-0.0275,-0.368,3,0,-5.6884,1.3437,0.0,True
5.774799999999999,-0.0411,-0.4586,3,0,-5.6884,1.3437,0.0,True
5.7829999999999995,-0.0044,-0.5604,3,0,-5.6884,1.3437,0.0,True
5.791399999999999,0.0037,-0.4624,3,0,-5.6884,1.3437,0.0,True
5.7997,-0.0222,-0.4585,3,0,-5.6884,1.3437,0.0,True
5.8081,-0.0565,-0.4001,3,0,-5.6884,1.3437,0.0,True
5.8164,-0.1183,-0.3353,3,0,-5.6884,1.3437,0.0,True
5.8247,0.0775,-0.3927,3,0,-5.6884,1.3437,0.0,True
5.8331,-0.0548,-0.5361,3,0,-5.6884,1.3437,0.0,True
5.8415,-0.1248,-0.3614,3,0,-5.6884,1.3437,0.0,True
5.849699999999999,0.1049,-0.4625,3,0,-5.6884,1.3437,0.0,True
5.8580999999999985,-0.0538,-0.5259,3,0,-5.6884,1.3437,0.0,True
5.866399999999999,-0.1463,-0.367,3,0,-5.6884,1.3437,0.0,True
5.874699999999999,-0.0556,-0.3696,3,0,-5.6884,1.3437,0.0,True
5.883199999999999,-0.1008,-0.3524,3,0,-5.6884,1.3437,0.0,True
5.891499999999999,-0.09,-0.3256,3,0,-5.6884,1.3437,0.0,True
5.899699999999999,-0.1442,-0.2672,3,0,-5.6884,1.3437,0.0,True
5.908099999999999,-0.0614,-0.2601,3,0,-5.6884,1.3437,0.0,True
5.916399999999999,0.0222,-0.3386,3,0,-5.6884,1.3437,0.0,True
5.9247,-0.0698,-0.3476,3,0,-5.6884,1.3437,0.0,True
5.9331,-0.1859,-0.3123,3,0,-5.6884,1.3437,0.0,True
5.9414,-0.0702,-0.4691,3,0,-5.6884,1.3437,0.0,True
5.9497,-0.1121,-0.3157,3,0,-5.6884,1.3437,0.0,True
5.957999999999998,-0.0752,-0.3329,3,0,-5.6884,1.3437,0.0,True
5.966399999999998,0.0629,-0.431,3,0,-5.6884,1.3437,0.0,True
5.974699999999999,-0.028,-0.3429,3,0,-5.6884,1.3437,0.0,True
5.982999999999999,0.0138,-0.3344,3,0,-5.6884,1.3437,0.0,True
5.9914999999999985,0.1581,-0.2712,3,0,-5.6884,1.3437,0.0,True
5.999699999999999,-0.0636,-0.2537,3,0,-5.6884,1.3437,0.0,True
6.007999999999999,0.0387,-0.1639,3,0,-5.6884,1.3437,0.0,True
6.8331,-0.0368,-0.3146,-3,3,-5.6884,1.3437,0.0,True
6.841399999999998,0.0933,-0.3553,-3,3,-5.6884,1.3437,0.0,True
6.8497,0.0681,-0.2694,-3,3,-5.6884,1.3437,0.0,True
6.857999999999999,0.0684,-0.3583,-3,3,-5.6884,1.3437,0.0,True
6.8664000000000005,0.0374,-0.4286,-3,3,-5.6884,1.3437,0.0,True
6.874699999999999,0.0346,-0.3293,-3,3,-5.6884,1.3437,0.0,True
6.883000000000001,0.0611,-0.306,-3,3,-5.6884,1.3437,0.0,True
6.891499999999999,0.0231,-0.2568,-3,3,-5.6884,1.3437,0.0,True
6.899800000000001,0.203,-0.4041,-3,3,-5.6884,1.3437,0.0,True
6.9079999999999995,0.1095,-0.4228,-3,3,-5.6884,1.3437,0.0,True
6.916399999999998,0.0844,-0.3624,-3,3,-5.6884,1.3437,0.0,True
6.9247,0.0417,-0.4752,-3,3,-5.6884,1.3437,0.0,True
6.933099999999998,-0.0159,-0.3903,-3,3,-5.6884,1.3437,0.0,True
6.9414,0.1234,-0.3611,-3,3,-5.6884,1.3437,0.0,True
6.949699999999998,0.2048,-0.4586,-3,3,-5.6884,1.3437,0.0,True
6.9581,0.1207,-0.3699,-3,3,-5.6884,1.3437,0.0,True
6.966399999999998,0.1166,-0.4449,-3,3,-5.6884,1.3437,0.0,True
6.9747,0.1529,-0.4,-3,3,-5.6884,1.3437,0.0,True
6.982999999999999,0.2347,-0.4678,-3,3,-5.6884,1.3437,0.0,True
6.9915,0.0521,-0.311,-3,3,-5.6884,1.3437,0.0,True
6.999699999999999,0.0775,-0.4877,-3,3,-5.6884,1.3437,0.0,True
7.008100000000001,0.0518,-0.3334,-3,3,-5.6884,1.3437,0.0,True
7.016399999999999,0.0732,-0.4522,-3,3,-5.6884,1.3437,0.0,True
7.0246999999999975,0.1822,-0.4108,-3,3,-5.6884,1.3437,0.0,True
7.033099999999999,0.0958,-0.4953,-3,3,-5.6884,1.3437,0.0,True
7.041499999999997,0.166,-0.3902,-3,3,-5.6884,1.3437,0.0,True
7.0497,0.0063,-0.4152,-3,3,-5.6884,1.3437,0.0,True
7.057999999999998,0.0115,-0.4291,-3,3,-5.6884,1.3437,0.0,True
7.0664,0.007,-0.5068,-3,3,-5.6884,1.3437,0.0,True
7.074699999999998,0.0017,-0.5016,-3,3,-5.6884,1.3437,0.0,True
7.0831,0.1002,-0.5825,-3,3,-5.6884,1.3437,0.0,True
7.091499999999998,0.0191,-0.5671,-3,3,-5.6884,1.3437,0.0,True
7.0997,0.0372,-0.5301,-3,3,-5.6884,1.3437,0.0,True
7.1080999999999985,0.0407,-0.4981,-3,3,-5.6884,1.3437,0.0,True
7.1164000000000005,0.0321,-0.3917,-3,3,-5.6884,1.3437,0.0,True
7.124699999999999,-0.0374,-0.5298,-3,3,-5.6884,1.3437,0.0,True
7.133100000000001,-0.0561,-0.4108,-3,3,-5.6884,1.3437,0.0,True
7.141499999999999,0.0962,-0.4973,-3,3,-5.6884,1.3437,0.0,True
7.1496999999999975,-0.0212,-0.2889,-3,3,-5.6884,1.3437,0.0,True
7.158099999999999,0.0308,-0.4076,-3,3,-5.6884,1.3437,0.0,True
7.166399999999998,-0.0968,-0.4118,-3,3,-5.6884,1.3437,0.0,True
7.174799999999999,-0.0418,-0.457,-3,3,-5.6884,1.3437,0.0,True
7.183099999999998,-0.1045,-0.4723,-3,3,-5.6884,1.3437,0.0,True
7.1914,0.0164,-0.4438,-3,3,-5.6884,1.3437,0.0,True
7.199799999999998,-0.1745,-0.4386,-3,3,-5.6884,1.3437,0.0,True
7.2081,-0.0916,-0.4685,-3,3,-5.6884,1.3437,0.0,True
7.216499999999998,-0.1245,-0.462,-3,3,-5.6884,1.3437,0.0,True
7.2248,0.0425,-0.4953,-3,3,-5.6884,1.3437,0.0,True
7.2330999999999985,-0.1546,-0.5141,-3,3,-5.6884,1.3437,0.0,True
7.2414000000000005,-0.0322,-0.4475,-3,3,-5.6884,1.3437,0.0,True
7.249699999999999,0.0434,-0.555,-3,3,-5.6884,1.3437,0.0,True
7.258000000000001,-0.13,-0.4957,-3,3,-5.6884,1.3437,0.0,True
7.266499999999999,0.0179,-0.4775,-3,3,-5.6884,1.3437,0.0,True
7.2746999999999975,-0.0631,-0.5221,-3,3,-5.6884,1.3437,0.0,True
7.2829999999999995,-0.1346,-0.3744,-3,3,-5.6884,1.3437,0.0,True
7.291499999999997,-0.0893,-0.3777,-3,3,-5.6884,1.3437,0.0,True
7.2997,-0.1101,-0.3286,-3,3,-5.6884,1.3437,0.0,True
7.308099999999998,-0.0127,-0.406,-3,3,-5.6884,1.3437,0.0,True
7.3164,0.0514,-0.4189,-3,3,-5.6884,1.3437,0.0,True
7.324699999999998,0.0682,-0.5147,-3,3,-5.6884,1.3437,0.0,True
7.3331,0.046,-0.3524,-3,3,-5.6884,1.3437,0.0,True
7.341399999999998,0.1067,-0.5198,-3,3,-5.6884,1.3437,0.0,True
7.3497,0.0175,-0.4715,-3,3,-5.6884,1.3437,0.0,True
7.358199999999998,0.0924,-0.5246,-3,3,-5.6884,1.3437,0.0,True
7.3665,0.0885,-0.2561,-3,3,-5.6884,1.3437,0.0,True
7.374699999999999,0.1449,-0.3666,-3,3,-5.6884,1.3437,0.0,True
7.383000000000001,-0.0576,-0.2686,-3,3,-5.6884,1.3437,0.0,True
7.391499999999999,-0.0353,-0.3462,-3,3,-5.6884,1.3437,0.0,True
7.3996999999999975,-0.0081,-0.4046,-3,3,-5.6884,1.3437,0.0,True
7.408099999999999,0.0531,-0.4342,-3,3,-5.6884,1.3437,0.0,True
7.416399999999998,0.065,-0.2657,-3,3,-5.6884,1.3437,0.0,True
7.424799999999999,0.0234,-0.4444,-3,3,-5.6884,1.3437,0.0,True
7.433199999999998,-0.0421,-0.4166,-3,3,-5.6884,1.3437,0.0,True
7.4414,0.1033,-0.3487,-3,3,-5.6884,1.3437,0.0,True
7.449699999999998,0.0752,-0.3774,-3,3,-5.6884,1.3437,0.0,True
7.4581,0.0535,-0.3117,-3,3,-5.6884,1.3437,0.0,True
7.466399999999998,-0.0268,-0.3716,-3,3,-5.6884,1.3437,0.0,True
7.4747,0.0265,-0.3781,-3,3,-5.6884,1.3437,0.0,True
7.483199999999998,0.0809,-0.3541,-3,3,-5.6884,1.3437,0.0,True
7.491300000000001,-0.0167,-0.4433,-3,3,-5.6884,1.3437,0.0,True
7.499799999999999,0.002,-0.596,-3,3,-5.6884,1.3437,0.0,True
7.5082,-0.16,-0.4862,-3,3,-5.6884,1.3437,0.0,True
7.516299999999999,-0.2126,-0.4789,-3,3,-5.6884,1.3437,0.0,True
7.5246999999999975,0.0649,-0.602,-3,3,-5.6884,1.3437,0.0,True
7.533099999999999,-0.0012,-0.5069,-3,3,-5.6884,1.3437,0.0,True
7.541299999999998,-0.0308,-0.361,-3,3,-5.6884,1.3437,0.0,True
7.5497,-0.0802,-0.511,-3,3,-5.6884,1.3437,0.0,True
7.558099999999998,-0.0676,-0.4394,-3,3,-5.6884,1.3437,0.0,True
7.5664,-0.0516,-0.3972,-3,3,-5.6884,1.3437,0.0,True
7.574699999999998,-0.042,-0.3444,-3,3,-5.6884,1.3437,0.0,True
7.5831,-0.0125,-0.3711,-3,3,-5.6884,1.3437,0.0,True
7.591299999999999,0.0365,-0.5526,-3,3,-5.6884,1.3437,0.0,True
7.5997,0.0148,-0.578,-3,3,-5.6884,1.3437,0.0,True
7.6080999999999985,-0.0775,-0.3329,-3,3,-5.6884,1.3437,0.0,True
7.616300000000001,-0.0417,-0.315,-3,3,-5.6884,1.3437,0.0,True
7.624699999999999,-0.0779,-0.3961,-3,3,-5.6884,1.3437,0.0,True
7.633100000000001,0.0358,-0.3084,-3,3,-5.6884,1.3437,0.0,True
7.641399999999999,-0.1884,-0.3682,-3,3,-5.6884,1.3437,0.0,True
7.6496999999999975,-0.2666,-0.3598,-3,3,-5.6884,1.3437,0.0,True
7.658099999999999,-0.1304,-0.437,-3,3,-5.6884,1.3437,0.0,True
7.666399999999998,-0.0047,-0.4774,-3,3,-5.6884,1.3437,0.0,True
7.6747,-0.1411,-0.4378,-3,3,-5.6884,1.3437,0.0,True
7.682999999999998,-0.1634,-0.4372,-3,3,-5.6884,1.3437,0.0,True
7.6914,-0.1054,-0.4869,-3,3,-5.6884,1.3437,0.0,True
7.699699999999998,-0.1232,-0.3496,-3,3,-5.6884,1.3437,0.0,True
7.7081,-0.1417,-0.3681,-3,3,-5.6884,1.3437,0.0,True
7.716299999999999,-0.1088,-0.4102,-3,3,-5.6884,1.3437,0.0,True
7.7248,-0.1498,-0.4356,-3,3,-5.6884,1.3437,0.0,True
7.7330999999999985,-0.1482,-0.4457,-3,3,-5.6884,1.3437,0.0,True
7.7414000000000005,-0.1475,-0.4695,-3,3,-5.6884,1.3437,0.0,True
7.749699999999999,-0.0793,-0.4751,-3,3,-5.6884,1.3437,0.0,True
7.758100000000001,-0.0623,-0.4327,-3,3,-5.6884,1.3437,0.0,True
7.766299999999999,-0.2541,-0.438,-3,3,-5.6884,1.3437,0.0,True
7.7746999999999975,-0.2005,-0.417,-3,3,-5.6884,1.3437,0.0,True
7.7829999999999995,-0.2036,-0.4772,-3,3,-5.6884,1.3437,0.0,True
7.791399999999998,-0.1589,-0.3584,-3,3,-5.6884,1.3437,0.0,True
7.7997,-0.163,-0.387,-3,3,-5.6884,1.3437,0.0,True
7.808099999999998,-0.1976,-0.3061,-3,3,-5.6884,1.3437,0.0,True
7.8163,-0.1811,-0.3618,-3,3,-5.6884,1.3437,0.0,True
7.824699999999998,-0.2166,-0.3088,-3,3,-5.6884,1.3437,0.0,True
7.833,0.0421,-0.3919,-3,3,-5.6884,1.3437,0.0,True
7.841399999999998,0.0002,-0.4522,-3,3,-5.6884,1.3437,0.0,True
7.8497,-0.2591,-0.3712,-3,3,-5.6884,1.3437,0.0,True
7.857999999999999,-0.3113,-0.2739,-3,3,-5.6884,1.3437,0.0,True
7.8664000000000005,-0.2505,-0.4057,-3,3,-5.6884,1.3437,0.0,True
7.874699999999999,-0.1641,-0.3959,-3,3,-5.6884,1.3437,0.0,True
7.883000000000001,-0.1786,-0.313,-3,3,-5.6884,1.3437,0.0,True
7.891299999999999,-0.1553,-0.3285,-3,3,-5.6884,1.3437,0.0,True
7.8996999999999975,-0.1833,-0.4223,-3,3,-5.6884,1.3437,0.0,True
7.908099999999999,-0.2204,-0.2997,-3,3,-5.6884,1.3437,0.0,True
7.916299999999998,-0.2082,-0.3597,-3,3,-5.6884,1.3437,0.0,True
7.9247,-0.1769,-0.3831,-3,3,-5.6884,1.3437,0.0,True
7.932999999999998,-0.1451,-0.3894,-3,3,-5.6884,1.3437,0.0,True
7.9414,-0.1545,-0.4106,-3,3,-5.6884,1.3437,0.0,True
7.949699999999998,-0.173,-0.4037,-3,3,-5.6884,1.3437,0.0,True
7.958,-0.078,-0.3633,-3,3,-5.6884,1.3437,0.0,True
7.966299999999999,-0.0709,-0.3793,-3,3,-5.6884,1.3437,0.0,True
7.9747,-0.1953,-0.4298,-3,3,-5.6884,1.3437,0.0,True
7.9830999999999985,-0.189,-0.444,-3,3,-5.6884,1.3437,0.0,True
7.9914000000000005,-0.1778,-0.4227,-3,3,-5.6884,1.3437,0.0,True
7.999699999999999,-0.1716,-0.3849,-3,3,-5.6884,1.3437,0.0,True
8.0081,-0.1552,-0.4886,-3,3,-5.6884,1.3437,0.0,True
8.0163,-0.1408,-0.4613,-3,3,-5.6884,1.3437,0.0,True
8.841399999999998,-0.0358,-0.063,6,6,-5.6884,1.3437,0.0,True
8.8497,0.0876,-0.1728,6,6,-5.6884,1.3437,0.0,True
8.857999999999999,0.0837,-0.1062,6,6,-5.6884,1.3437,0.0,True
8.8663,0.0779,-0.1478,6,6,-5.6884,1.3437,0.0,True
8.874699999999999,0.1293,-0.044,6,6,-5.6884,1.3437,0.0,True
8.8831,0.013,-0.0374,6,6,-5.6884,1.3437,0.0,True
8.891399999999999,0.0336,0.0367,6,6,-5.6884,1.3437,0.0,True
8.899699999999998,0.1708,-0.0215,6,6,-5.6884,1.3437,0.0,True
8.908,0.0685,-0.0507,6,6,-5.6884,1.3437,0.0,True
8.916299999999998,0.1129,-0.0161,6,6,-5.6884,1.3437,0.0,True
8.9247,0.2601,-0.1154,6,6,-5.6884,1.3437,0.0,True
8.932999999999998,0.0179,0.0286,6,6,-5.6884,1.3437,0.0,True
8.9414,0.1338,-0.0195,6,6,-5.6884,1.3437,0.0,True
8.949699999999998,0.1087,-0.0931,6,6,-5.6884,1.3437,0.0,True
8.9581,0.1245,-0.0867,6,6,-5.6884,1.3437,0.0,True
8.966299999999999,0.187,-0.1044,6,6,-5.6884,1.3437,0.0,True
8.9747,0.0957,0.0321,6,6,-5.6884,1.3437,0.0,True
8.983099999999999,0.0582,-0.1298,6,6,-5.6884,1.3437,0.0,True
8.9914,0.0381,-0.0516,6,6,-5.6884,1.3437,0.0,True
8.999699999999999,0.0359,-0.0295,6,6,-5.6884,1.3437,0.0,True
9.0081,0.084,-0.0923,6,6,-5.6884,1.3437,0.0,True
9.0163,0.1068,-0.1677,6,6,-5.6884,1.3437,0.0,True
9.0248,0.0536,-0.0863,6,6,-5.6884,1.3437,0.0,True
9.0331,-0.0054,-0.1672,6,6,-5.6884,1.3437,0.0,True
9.041399999999998,0.048,-0.1486,6,6,-5.6884,1.3437,0.0,True
9.0497,0.1283,-0.1501,6,6,-5.6884,1.3437,0.0,True
9.057999999999998,0.0843,-0.2205,6,6,-5.6884,1.3437,0.0,True
9.0663,0.1981,-0.1236,6,6,-5.6884,1.3437,0.0,True
9.074699999999998,0.1338,-0.0476,6,6,-5.6884,1.3437,0.0,True
9.083,0.1684,-0.105,6,6,-5.6884,1.3437,0.0,True
9.091299999999999,0.2144,-0.2266,6,6,-5.6884,1.3437,0.0,True
9.0997,0.1761,-0.2131,6,6,-5.6884,1.3437,0.0,True
9.108099999999999,0.1024,-0.1453,6,6,-5.6884,1.3437,0.0,True
9.1163,0.1003,-0.0596,6,6,-5.6884,1.3437,0.0,True
9.124899999999998,0.0597,-0.1857,6,6,-5.6884,1.3437,0.0,True
9.1331,0.0678,-0.116,6,6,-5.6884,1.3437,0.0,True
9.1413,0.0455,-0.1017,6,6,-5.6884,1.3437,0.0,True
9.149699999999998,0.2635,-0.1355,6,6,-5.6884,1.3437,0.0,True
9.158,0.0267,-0.0659,6,6,-5.6884,1.3437,0.0,True
9.166399999999998,0.2255,-0.025,6,6,-5.6884,1.3437,0.0,True
9.1747,0.0179,-0.0752,6,6,-5.6884,1.3437,0.0,True
9.183099999999998,0.0545,-0.0415,6,6,-5.6884,1.3437,0.0,True
9.1913,0.072,-0.0083,6,6,-5.6884,1.3437,0.0,True
9.199699999999998,-0.0668,-0.2675,6,6,-5.6884,1.3437,0.0,True
9.208,0.1043,-0.1805,6,6,-5.6884,1.3437,0.0,True
9.216399999999998,0.1012,-0.2246,6,6,-5.6884,1.3437,0.0,True
9.2247,0.0384,-0.2762,6,6,-5.6884,1.3437,0.0,True
9.232999999999999,-0.111,-0.234,6,6,-5.6884,1.3437,0.0,True
9.2413,0.0414,-0.216,6,6,-5.6884,1.3437,0.0,True
9.249699999999999,-0.0867,-0.1263,6,6,-5.6884,1.3437,0.0,True
9.258000000000001,0.0591,-0.1133,6,6,-5.6884,1.3437,0.0,True
9.266399999999999,-0.13,-0.2002,6,6,-5.6884,1.3437,0.0,True
9.274699999999998,-0.0471,-0.1476,6,6,-5.6884,1.3437,0.0,True
9.283,0.1303,-0.1105,6,6,-5.6884,1.3437,0.0,True
9.291399999999998,0.0023,-0.0941,6,6,-5.6884,1.3437,0.0,True
9.2997,0.0882,-0.1244,6,6,-5.6884,1.3437,0.0,True
9.308199999999998,0.0494,-0.0441,6,6,-5.6884,1.3437,0.0,True
9.3165,0.1107,-0.1324,6,6,-5.6884,1.3437,0.0,True
9.324699999999998,0.0857,-0.0246,6,6,-5.6884,1.3437,0.0,True
9.333,0.0522,-0.1092,6,6,-5.6884,1.3437,0.0,True
9.341299999999999,0.0238,0.0249,6,6,-5.6884,1.3437,0.0,True
9.3497,0.0817,-0.095,6,6,-5.6884,1.3437,0.0,True
9.358099999999999,-0.0059,-0.0628,6,6,-5.6884,1.3437,0.0,True
9.3664,0.0673,-0.0847,6,6,-5.6884,1.3437,0.0,True
9.374699999999999,0.1535,-0.0567,6,6,-5.6884,1.3437,0.0,True
9.3831,0.0317,-0.1091,6,6,-5.6884,1.3437,0.0,True
9.3913,0.1006,-0.14,6,6,-5.6884,1.3437,0.0,True
9.399699999999998,0.074,-0.0758,6,6,-5.6884,1.3437,0.0,True
9.408,0.1061,-0.1225,6,6,-5.6884,1.3437,0.0,True
9.416399999999998,0.1075,-0.1814,6,6,-5.6884,1.3437,0.0,True
9.4247,0.078,-0.1855,6,6,-5.6884,1.3437,0.0,True
9.432999999999998,0.132,-0.0774,6,6,-5.6884,1.3437,0.0,True
9.4413,0.0313,-0.1453,6,6,-5.6884,1.3437,0.0,True
9.449699999999998,0.0847,-0.1406,6,6,-5.6884,1.3437,0.0,True
9.4581,0.0883,-0.1425,6,6,-5.6884,1.3437,0.0,True
9.466299999999999,0.1257,-0.1165,6,6,-5.6884,1.3437,0.0,True
9.4747,0.1118,-0.1676,6,6,-5.6884,1.3437,0.0,True
9.482999999999999,0.0934,-0.1447,6,6,-5.6884,1.3437,0.0,True
9.4913,0.1381,-0.0798,6,6,-5.6884,1.3437,0.0,True
9.499699999999999,0.1623,-0.1256,6,6,-5.6884,1.3437,0.0,True
9.508000000000001,0.1459,-0.0573,6,6,-5.6884,1.3437,0.0,True
9.5163,0.0845,-0.0678,6,6,-5.6884,1.3437,0.0,True
9.524699999999998,0.1813,0.0051,6,6,-5.6884,1.3437,0.0,True
9.533,0.1828,-0.1025,6,6,-5.6884,1.3437,0.0,True
9.541299999999998,0.2062,-0.0397,6,6,-5.6884,1.3437,0.0,True
9.5497,0.1865,-0.0156,6,6,-5.6884,1.3437,0.0,True
9.557999999999998,0.1962,-0.0595,6,6,-5.6884,1.3437,0.0,True
9.5664,0.2258,-0.0343,6,6,-5.6884,1.3437,0.0,True
9.574699999999998,0.131,-0.1391,6,6,-5.6884,1.3437,0.0,True
9.583,0.2296,0.0177,6,6,-5.6884,1.3437,0.0,True
9.591299999999999,0.0982,0.0057,6,6,-5.6884,1.3437,0.0,True
9.5997,0.1289,-0.0247,6,6,-5.6884,1.3437,0.0,True
9.608099999999999,0.1591,0.0076,6,6,-5.6884,1.3437,0.0,True
9.6164,0.1917,-0.1009,6,6,-5.6884,1.3437,0.0,True
9.624699999999999,0.1123,-0.0505,6,6,-5.6884,1.3437,0.0,True
9.6331,0.1618,-0.0851,6,6,-5.6884,1.3437,0.0,True
9.6413,0.241,0.028,6,6,-5.6884,1.3437,0.0,True
9.649699999999998,0.0524,0.02,6,6,-5.6884,1.3437,0.0,True
9.6581,0.132,0.0262,6,6,-5.6884,1.3437,0.0,True
9.666399999999998,0.0758,0.0957,6,6,-5.6884,1.3437,0.0,True
9.6747,0.138,-0.0406,6,6,-5.6884,1.3437,0.0,True
9.683099999999998,0.1321,-0.0733,6,6,-5.6884,1.3437,0.0,True
9.6913,0.0293,-0.0197,6,6,-5.6884,1.3437,0.0,True
9.699699999999998,0.2378,-0.0976,6,6,-5.6884,1.3437,0.0,True
9.708,0.1836,0.0348,6,6,-5.6884,1.3437,0.0,True
9.716399999999998,0.1496,0.0242,6,6,-5.6884,1.3437,0.0,True
9.7247,0.0858,-0.0571,6,6,-5.6884,1.3437,0.0,True
9.733099999999999,0.1865,-0.0161,6,6,-5.6884,1.3437,0.0,True
9.7414,0.037,-0.0485,6,6,-5.6884,1.3437,0.0,True
9.749699999999999,0.1589,-0.0025,6,6,-5.6884,1.3437,0.0,True
9.7581,0.1699,0.0657,6,6,-5.6884,1.3437,0.0,True
9.766399999999999,0.1719,0.0311,6,6,-5.6884,1.3437,0.0,True
9.774699999999998,0.2095,-0.0258,6,6,-5.6884,1.3437,0.0,True
9.7831,0.0694,-0.024,6,6,-5.6884,1.3437,0.0,True
9.791299999999998,0.1437,-0.0501,6,6,-5.6884,1.3437,0.0,True
9.7997,0.1091,-0.0528,6,6,-5.6884,1.3437,0.0,True
9.808099999999998,0.1153,-0.03,6,6,-5.6884,1.3437,0.0,True
9.8163,0.246,-0.0328,6,6,-5.6884,1.3437,0.0,True
9.824699999999998,0.095,-0.0123,6,6,-5.6884,1.3437,0.0,True
9.8331,0.1606,0.108,6,6,-5.6884,1.3437,0.0,True
9.841399999999998,0.2126,0.056,6,6,-5.6884,1.3437,0.0,True
9.8497,0.1773,-0.0067,6,6,-5.6884,1.3437,0.0,True
9.857999999999999,0.192,-0.0592,6,6,-5.6884,1.3437,0.0,True
9.8665,0.0562,0.0567,6,6,-5.6884,1.3437,0.0,True
9.874699999999999,0.1421,0.0831,6,6,-5.6884,1.3437,0.0,True
9.8831,0.1118,-0.0281,6,6,-5.6884,1.3437,0.0,True
9.891399999999999,0.1421,0.1089,6,6,-5.6884,1.3437,0.0,True
9.8998,0.1716,-0.0495,6,6,-5.6884,1.3437,0.0,True
9.9081,0.1739,-0.1099,6,6,-5.6884,1.3437,0.0,True
9.916299999999998,0.0796,-0.0108,6,6,-5.6884,1.3437,0.0,True
9.9247,0.0692,-0.0363,6,6,-5.6884,1.3437,0.0,True
9.933099999999998,0.1009,0.0147,6,6,-5.6884,1.3437,0.0,True
9.9413,0.0883,0.066,6,6,-5.6884,1.3437,0.0,True
9.949699999999998,0.0215,-0.0385,6,6,-5.6884,1.3437,0.0,True
9.958,0.1058,-0.0292,6,6,-5.6884,1.3437,0.0,True
9.966399999999998,0.0851,0.0015,6,6,-5.6884,1.3437,0.0,True
9.9747,0.0954,-0.0346,6,6,-5.6884,1.3437,0.0,True
9.983099999999999,0.0787,-0.0403,6,6,-5.6884,1.3437,0.0,True
9.9913,0.1529,0.002,6,6,-5.6884,1.3437,0.0,True
9.999699999999999,0.1298,0.0737,6,6,-5.6884,1.3437,0.0,True
10.0081,0.0511,-0.0002,6,6,-5.6884,1.3437,0.0,True
10.0163,0.0987,0.0598,6,6,-5.6884,1.3437,0.0,True
10.0248,0.0787,0.037,6,6,-5.6884,1.3437,0.0,True
10.0331,0.0881,0.0015,6,6,-5.6884,1.3437,0.0,True
10.041299999999998,0.0177,-0.0068,6,6,-5.6884,1.3437,0.0,True
10.0497,0.0249,0.0412,6,6,-5.6884,1.3437,0.0,True
10.057999999999998,0.0654,0.0605,6,6,-5.6884,1.3437,0.0,True
10.0664,0.0291,0.0664,6,6,-5.6884,1.3437,0.0,True
10.074699999999998,0.1246,0.0254,6,6,-5.6884,1.3437,0.0,True
10.083,0.1053,0.0025,6,6,-5.6884,1.3437,0.0,True
10.999699999999999,-0.5009,-0.0919,-6,-3,-5.6884,1.3437,0.0,True
11.0081,-0.271,-0.3011,-6,-3,-5.6884,1.3437,0.0,True
11.016499999999999,-0.1826,0.0968,-6,-3,-5.6884,1.3437,0.0,True
11.024699999999998,-0.2914,0.4455,-6,-3,-5.6884,1.3437,0.0,True
11.033,-0.1944,0.4656,-6,-3,-5.6884,1.3437,0.0,True
11.041299999999998,-0.0365,0.581,-6,-3,-5.6884,1.3437,0.0,True
11.0497,-0.0475,0.4197,-6,-3,-5.6884,1.3437,0.0,True
11.058099999999998,0.1647,0.313,-6,-3,-5.6884,1.3437,0.0,True
11.0664,0.1501,0.3332,-6,-3,-5.6884,1.3437,0.0,True
11.074699999999998,0.1938,0.414,-6,-3,-5.6884,1.3437,0.0,True
11.0831,0.1706,0.4203,-6,-3,-5.6884,1.3437,0.0,True
11.091399999999998,0.0551,0.6906,-6,-3,-5.6884,1.3437,0.0,True
11.0997,0.1707,0.7303,-6,-3,-5.6884,1.3437,0.0,True
11.107999999999999,0.071,0.7659,-6,-3,-5.6884,1.3437,0.0,True
11.1163,0.1849,0.5321,-6,-3,-5.6884,1.3437,0.0,True
11.124699999999999,-0.0421,0.5522,-6,-3,-5.6884,1.3437,0.0,True
11.133000000000001,0.0013,0.3781,-6,-3,-5.6884,1.3437,0.0,True
11.1413,0.0628,0.5375,-6,-3,-5.6884,1.3437,0.0,True
11.149699999999998,-0.0441,0.4246,-6,-3,-5.6884,1.3437,0.0,True
11.158,0.0773,0.3441,-6,-3,-5.6884,1.3437,0.0,True
11.166399999999998,-0.0474,0.3761,-6,-3,-5.6884,1.3437,0.0,True
11.1747,-0.0097,0.5405,-6,-3,-5.6884,1.3437,0.0,True
11.182999999999998,-0.1588,0.2799,-6,-3,-5.6884,1.3437,0.0,True
11.1913,-0.1184,0.247,-6,-3,-5.6884,1.3437,0.0,True
11.199699999999998,-0.0884,0.4923,-6,-3,-5.6884,1.3437,0.0,True
11.208,0.0698,0.3871,-6,-3,-5.6884,1.3437,0.0,True
11.216299999999999,-0.1572,0.3276,-6,-3,-5.6884,1.3437,0.0,True
11.2247,-0.219,0.3157,-6,-3,-5.6884,1.3437,0.0,True
11.232999999999999,-0.0446,0.2246,-6,-3,-5.6884,1.3437,0.0,True
11.2413,-0.1596,0.2511,-6,-3,-5.6884,1.3437,0.0,True
11.249699999999999,-0.0655,0.2434,-6,-3,-5.6884,1.3437,0.0,True
11.258000000000001,-0.0503,0.3079,-6,-3,-5.6884,1.3437,0.0,True
11.266399999999999,-0.1117,0.2662,-6,-3,-5.6884,1.3437,0.0,True
11.274699999999998,-0.2175,0.2582,-6,-3,-5.6884,1.3437,0.0,True
11.2831,-0.1735,0.2804,-6,-3,-5.6884,1.3437,0.0,True
11.291299999999998,-0.1362,0.1055,-6,-3,-5.6884,1.3437,0.0,True
11.2997,-0.0211,0.1258,-6,-3,-5.6884,1.3437,0.0,True
11.308099999999998,-0.0611,0.0572,-6,-3,-5.6884,1.3437,0.0,True
11.3163,0.012,0.2391,-6,-3,-5.6884,1.3437,0.0,True
11.324699999999998,-0.0316,0.0378,-6,-3,-5.6884,1.3437,0.0,True
11.3331,-0.1485,0.2033,-6,-3,-5.6884,1.3437,0.0,True
11.341299999999999,-0.1339,0.0424,-6,-3,-5.6884,1.3437,0.0,True
11.3497,-0.1087,0.0691,-6,-3,-5.6884,1.3437,0.0,True
11.358099999999999,-0.1641,0.1795,-6,-3,-5.6884,1.3437,0.0,True
11.3664,-0.1804,0.2633,-6,-3,-5.6884,1.3437,0.0,True
11.374699999999999,-0.333,0.1348,-6,-3,-5.6884,1.3437,0.0,True
11.383000000000001,-0.0778,0.1722,-6,-3,-5.6884,1.3437,0.0,True
11.3913,-0.1518,0.1283,-6,-3,-5.6884,1.3437,0.0,True
11.399699999999998,-0.1235,0.1184,-6,-3,-5.6884,1.3437,0.0,True
11.408,-0.3609,0.0529,-6,-3,-5.6884,1.3437,0.0,True
11.416299999999998,-0.2179,-0.1482,-6,-3,-5.6884,1.3437,0.0,True
11.4247,-0.138,-0.0123,-6,-3,-5.6884,1.3437,0.0,True
11.433099999999998,-0.0405,-0.0341,-6,-3,-5.6884,1.3437,0.0,True
11.4413,-0.1547,0.1132,-6,-3,-5.6884,1.3437,0.0,True
11.449699999999998,0.1036,-0.0756,-6,-3,-5.6884,1.3437,0.0,True
11.4582,-0.0933,-0.0021,-6,-3,-5.6884,1.3437,0.0,True
11.466399999999998,0.0557,0.0479,-6,-3,-5.6884,1.3437,0.0,True
11.4747,-0.1309,-0.1171,-6,-3,-5.6884,1.3437,0.0,True
11.483099999999999,-0.0811,-0.1535,-6,-3,-5.6884,1.3437,0.0,True
11.4913,-0.3475,-0.2665,-6,-3,-5.6884,1.3437,0.0,True
11.499699999999999,-0.0774,-0.3241,-6,-3,-5.6884,1.3437,0.0,True
11.5081,-0.3216,-0.2228,-6,-3,-5.6884,1.3437,0.0,True
11.5163,-0.0987,-0.0959,-6,-3,-5.6884,1.3437,0.0,True
11.524699999999998,-0.216,-0.2035,-6,-3,-5.6884,1.3437,0.0,True
11.533,-0.0486,-0.3071,-6,-3,-5.6884,1.3437,0.0,True
11.541299999999998,-0.4572,0.0204,-6,-3,-5.6884,1.3437,0.0,True
11.5497,-0.4629,0.0732,-6,-3,-5.6884,1.3437,0.0,True
11.557999999999998,-0.225,0.1305,-6,-3,-5.6884,1.3437,0.0,True
11.5664,-0.2694,0.045,-6,-3,-5.6884,1.3437,0.0,True
11.574699999999998,-0.3249,-0.0355,-6,-3,-5.6884,1.3437,0.0,True
11.5831,-0.3478,0.0576,-6,-3,-5.6884,1.3437,0.0,True
11.591299999999999,-0.324,0.1061,-6,-3,-5.6884,1.3437,0.0,True
11.5997,-0.2534,0.0468,-6,-3,-5.6884,1.3437,0.0,True
11.608099999999999,-0.0347,-0.0137,-6,-3,-5.6884,1.3437,0.0,True
11.6163,-0.404,0.0783,-6,-3,-5.6884,1.3437,0.0,True
11.624799999999999,-0.3713,-0.0314,-6,-3,-5.6884,1.3437,0.0,True
11.6331,-0.3073,-0.0242,-6,-3,-5.6884,1.3437,0.0,True
11.641399999999999,-0.1249,-0.0986,-6,-3,-5.6884,1.3437,0.0,True
11.649699999999998,-0.3049,0.0035,-6,-3,-5.6884,1.3437,0.0,True
11.658,-0.2174,-0.1777,-6,-3,-5.6884,1.3437,0.0,True
11.666299999999998,-0.2533,0.0345,-6,-3,-5.6884,1.3437,0.0,True
11.6748,-0.3024,-0.0475,-6,-3,-5.6884,1.3437,0.0,True
11.682999999999998,-0.4518,0.0602,-6,-3,-5.6884,1.3437,0.0,True
11.6913,-0.3983,-0.0247,-6,-3,-5.6884,1.3437,0.0,True
11.699699999999998,-0.3102,0.1023,-6,-3,-5.6884,1.3437,0.0,True
11.7081,-0.2411,-0.0254,-6,-3,-5.6884,1.3437,0.0,True
11.716299999999999,-0.2889,0.0163,-6,-3,-5.6884,1.3437,0.0,True
11.7247,-0.4126,-0.042,-6,-3,-5.6884,1.3437,0.0,True
11.733099999999999,-0.3236,-0.092,-6,-3,-5.6884,1.3437,0.0,True
11.7414,-0.2609,-0.1403,-6,-3,-5.6884,1.3437,0.0,True
11.749699999999999,-0.3795,-0.0223,-6,-3,-5.6884,1.3437,0.0,True
11.758000000000001,-0.2399,-0.0725,-6,-3,-5.6884,1.3437,0.0,True
11.7663,-0.2765,-0.1128,-6,-3,-5.6884,1.3437,0.0,True
11.774699999999998,-0.3051,-0.131,-6,-3,-5.6884,1.3437,0.0,True
11.783,-0.2654,-0.0149,-6,-3,-5.6884,1.3437,0.0,True
11.791299999999998,-0.3519,-0.1746,-6,-3,-5.6884,1.3437,0.0,True
11.7997,-0.1958,-0.0566,-6,-3,-5.6884,1.3437,0.0,True
11.808099999999998,-0.1699,-0.0377,-6,-3,-5.6884,1.3437,0.0,True
11.8163,-0.2619,-0.0096,-6,-3,-5.6884,1.3437,0.0,True
11.824699999999998,-0.2341,-0.1042,-6,-3,-5.6884,1.3437,0.0,True
11.833,-0.1436,0.0781,-6,-3,-5.6884,1.3437,0.0,True
11.841299999999999,-0.3338,0.0668,-6,-3,-5.6884,1.3437,0.0,True
11.8497,-0.1629,-0.0323,-6,-3,-5.6884,1.3437,0.0,True
11.858099999999999,-0.2879,0.0275,-6,-3,-5.6884,1.3437,0.0,True
11.8663,-0.3876,-0.1641,-6,-3,-5.6884,1.3437,0.0,True
11.874699999999999,-0.3891,-0.0398,-6,-3,-5.6884,1.3437,0.0,True
11.8831,-0.409,-0.0025,-6,-3,-5.6884,1.3437,0.0,True
11.891499999999999,-0.3267,-0.0703,-6,-3,-5.6884,1.3437,0.0,True
11.899699999999998,-0.3668,-0.2256,-6,-3,-5.6884,1.3437,0.0,True
11.908,-0.4542,-0.1293,-6,-3,-5.6884,1.3437,0.0,True
11.916299999999998,-0.2819,-0.1056,-6,-3,-5.6884,1.3437,0.0,True
11.9247,-0.2813,-0.0198,-6,-3,-5.6884,1.3437,0.0,True
11.932999999999998,-0.4289,-0.1379,-6,-3,-5.6884,1.3437,0.0,True
11.9414,-0.1578,-0.0845,-6,-3,-5.6884,1.3437,0.0,True
11.949699999999998,-0.2651,0.0573,-6,-3,-5.6884,1.3437,0.0,True
11.958,-0.3174,-0.1888,-6,-3,-5.6884,1.3437,0.0,True
11.966399999999998,-0.2294,-0.1013,-6,-3,-5.6884,1.3437,0.0,True
11.9747,-0.2448,0.0433,-6,-3,-5.6884,1.3437,0.0,True
11.983099999999999,-0.3774,0.0959,-6,-3,-5.6884,1.3437,0.0,True
11.9914,-0.316,-0.0921,-6,-3,-5.6884,1.3437,0.0,True
11.999699999999999,-0.276,-0.0788,-6,-3,-5.6884,1.3437,0.0,True
12.0081,-0.3228,0.0635,-6,-3,-5.6884,1.3437,0.0,True
12.0163,-0.2863,-0.0117,-6,-3,-5.6884,1.3437,0.0,True
12.024699999999998,-0.3089,0.0281,-6,-3,-5.6884,1.3437,0.0,True
12.0331,-0.4218,0.0905,-6,-3,-5.6884,1.3437,0.0,True
12.041399999999998,-0.2218,0.1207,-6,-3,-5.6884,1.3437,0.0,True
12.0497,-0.2454,0.1124,-6,-3,-5.6884,1.3437,0.0,True
12.057999999999998,-0.1603,0.08,-6,-3,-5.6884,1.3437,0.0,True
12.0663,-0.3917,-0.0447,-6,-3,-5.6884,1.3437,0.0,True
12.074699999999998,-0.4463,-0.0496,-6,-3,-5.6884,1.3437,0.0,True
12.083,-0.2839,0.0023,-6,-3,-5.6884,1.3437,0.0,True
12.091299999999999,-0.2795,0.0672,-6,-3,-5.6884,1.3437,0.0,True
12.0998,-0.3105,0.0146,-6,-3,-5.6884,1.3437,0.0,True
12.107999999999999,-0.2481,0.0762,-6,-3,-5.6884,1.3437,0.0,True
12.1164,-0.3144,0.154,-6,-3,-5.6884,1.3437,0.0,True
12.124699999999999,-0.2703,0.1281,-6,-3,-5.6884,1.3437,0.0,True
12.1331,-0.2259,0.049,-6,-3,-5.6884,1.3437,0.0,True
12.1413,-0.2224,0.03,-6,-3,-5.6884,1.3437,0.0,True
12.149699999999998,-0.269,0.0523,-6,-3,-5.6884,1.3437,0.0,True
12.1581,-0.3067,0.0794,-6,-3,-5.6884,1.3437,0.0,True
12.166499999999997,-0.2336,-0.0086,-6,-3,-5.6884,1.3437,0.0,True
12.1747,-0.2285,0.0782,-6,-3,-5.6884,1.3437,0.0,True
12.183099999999998,-0.2836,0.124,-6,-3,-5.6884,1.3437,0.0,True
12.1913,-0.2052,0.088,-6,-3,-5.6884,1.3437,0.0,True
12.199699999999998,-0.1911,0.1191,-6,-3,-5.6884,1.3437,0.0,True
12.2081,-0.1337,-0.0003,-6,-3,-5.6884,1.3437,0.0,True
12.216299999999999,-0.1959,0.0636,-6,-3,-5.6884,1.3437,0.0,True
12.2247,-0.132,0.168,-6,-3,-5.6884,1.3437,0.0,True
12.232999999999999,-0.1621,0.071,-6,-3,-5.6884,1.3437,0.0,True
12.2414,-0.2915,0.0607,-6,-3,-5.6884,1.3437,0.0,True
12.249799999999999,-0.2685,0.1881,-6,-3,-5.6884,1.3437,0.0,True
12.2581,-0.279,0.0437,-6,-3,-5.6884,1.3437,0.0,True
12.2663,-0.2488,0.1027,-6,-3,-5.6884,1.3437,0.0,True
12.274699999999998,-0.1882,0.2002,-6,-3,-5.6884,1.3437,0.0,True
12.283,-0.2191,0.1467,-6,-3,-5.6884,1.3437,0.0,True
12.291299999999998,-0.2685,0.2584,-6,-3,-5.6884,1.3437,0.0,True
12.2997,-0.286,0.0902,-6,-3,-5.6884,1.3437,0.0,True
12.307999999999998,-0.0142,0.1382,-6,-3,-5.6884,1.3437,0.0,True
12.3163,-0.1218,0.0649,-6,-3,-5.6884,1.3437,0.0,True
12.324699999999998,-0.146,0.1644,-6,-3,-5.6884,1.3437,0.0,True
12.3331,-0.2163,0.2711,-6,-3,-5.6884,1.3437,0.0,True
12.341399999999998,-0.1312,0.0868,-6,-3,-5.6884,1.3437,0.0,True
12.3497,0.044,0.0856,-6,-3,-5.6884,1.3437,0.0,True
12.358099999999999,-0.1868,0.1195,-6,-3,-5.6884,1.3437,0.0,True
12.3664,-0.2188,0.2087,-6,-3,-5.6884,1.3437,0.0,True
12.374699999999999,-0.0418,0.0891,-6,-3,-5.6884,1.3437,0.0,True
12.3831,-0.0579,0.2095,-6,-3,-5.6884,1.3437,0.0,True
12.3913,0.0086,0.0758,-6,-3,-5.6884,1.3437,0.0,True
12.399699999999998,-0.1613,0.2777,-6,-3,-5.6884,1.3437,0.0,True
12.4081,0.0523,0.0794,-6,-3,-5.6884,1.3437,0.0,True
12.416299999999998,0.0352,0.1364,-6,-3,-5.6884,1.3437,0.0,True
13.2413,-0.437,0.2845,-6,-6,-5.6884,1.3437,0.0,True
13.249699999999999,-0.4896,0.0914,-6,-6,-5.6884,1.3437,0.0,True
13.257899999999998,-0.8002,0.1625,-6,-6,-5.6884,1.3437,0.0,True
13.266399999999999,-0.5599,0.2686,-6,-6,-5.6884,1.3437,0.0,True
13.274699999999998,-0.8109,0.3635,-6,-6,-5.6884,1.3437,0.0,True
13.283,-0.9385,0.1867,-6,-6,-5.6884,1.3437,0.0,True
13.291299999999998,-0.8914,0.229,-6,-6,-5.6884,1.3437,0.0,True
13.2997,-0.513,0.375,-6,-6,-5.6884,1.3437,0.0,True
13.307899999999998,-0.5414,0.1146,-6,-6,-5.6884,1.3437,0.0,True
13.3163,-0.8734,0.299,-6,-6,-5.6884,1.3437,0.0,True
13.324699999999998,-0.9867,0.2156,-6,-6,-5.6884,1.3437,0.0,True
13.333,-0.9048,0.2033,-6,-6,-5.6884,1.3437,0.0,True
13.341299999999999,-0.774,0.3547,-6,-6,-5.6884,1.3437,0.0,True
13.3497,-0.6185,0.0583,-6,-6,-5.6884,1.3437,0.0,True
13.357899999999999,-0.6932,0.2606,-6,-6,-5.6884,1.3437,0.0,True
13.3664,-0.4484,0.2369,-6,-6,-5.6884,1.3437,0.0,True
13.374699999999999,-0.7908,0.0342,-6,-6,-5.6884,1.3437,0.0,True
13.383000000000001,-0.6751,0.3139,-6,-6,-5.6884,1.3437,0.0,True
13.3913,-0.5931,0.3874,-6,-6,-5.6884,1.3437,0.0,True
13.399699999999998,-0.5478,0.288,-6,-6,-5.6884,1.3437,0.0,True
13.408199999999999,-0.6032,0.1454,-6,-6,-5.6884,1.3437,0.0,True
13.416299999999998,-0.6956,0.1206,-6,-6,-5.6884,1.3437,0.0,True
13.4248,-0.7735,0.2636,-6,-6,-5.6884,1.3437,0.0,True
13.433099999999998,-1.2063,0.31,-6,-6,-5.6884,1.3437,0.0,True
13.4413,-1.0262,0.2411,-6,-6,-5.6884,1.3437,0.0,True
13.449699999999998,-0.9669,0.0158,-6,-6,-5.6884,1.3437,0.0,True
13.4579,-0.8909,0.1906,-6,-6,-5.6884,1.3437,0.0,True
13.466399999999998,-0.9439,0.1389,-6,-6,-5.6884,1.3437,0.0,True
13.4747,-0.9808,-0.0483,-6,-6,-5.6884,1.3437,0.0,True
13.482899999999999,-0.922,0.1418,-6,-6,-5.6884,1.3437,0.0,True
13.4913,-0.9008,-0.0253,-6,-6,-5.6884,1.3437,0.0,True
13.499699999999999,-0.9096,0.3204,-6,-6,-5.6884,1.3437,0.0,True
13.507899999999998,-0.9746,0.1324,-6,-6,-5.6884,1.3437,0.0,True
13.5163,-0.9714,0.0804,-6,-6,-5.6884,1.3437,0.0,True
13.524699999999998,-0.7946,0.1906,-6,-6,-5.6884,1.3437,0.0,True
13.5331,-0.7771,0.2273,-6,-6,-5.6884,1.3437,0.0,True
13.541299999999998,-1.092,0.2965,-6,-6,-5.6884,1.3437,0.0,True
13.5498,-1.0394,-0.1389,-6,-6,-5.6884,1.3437,0.0,True
13.557899999999998,-0.8595,0.2379,-6,-6,-5.6884,1.3437,0.0,True
13.5665,-0.9461,0.1789,-6,-6,-5.6884,1.3437,0.0,True
13.574699999999998,-1.0486,0.2439,-6,-6,-5.6884,1.3437,0.0,True
13.5829,-0.8296,-0.0168,-6,-6,-5.6884,1.3437,0.0,True
13.591299999999999,-0.9021,0.1128,-6,-6,-5.6884,1.3437,0.0,True
13.5999,-1.0357,0.2121,-6,-6,-5.6884,1.3437,0.0,True
13.607999999999999,-1.0003,0.1426,-6,-6,-5.6884,1.3437,0.0,True
13.6164,-0.8815,0.1629,-6,-6,-5.6884,1.3437,0.0,True
13.624799999999999,-0.947,0.096,-6,-6,-5.6884,1.3437,0.0,True
13.6331,-1.0308,0.0056,-6,-6,-5.6884,1.3437,0.0,True
13.6413,-0.8976,0.0679,-6,-6,-5.6884,1.3437,0.0,True
13.649699999999998,-0.9041,0.1515,-6,-6,-5.6884,1.3437,0.0,True
13.658199999999999,-0.6986,0.0489,-6,-6,-5.6884,1.3437,0.0,True
13.666399999999998,-0.6412,-0.0016,-6,-6,-5.6884,1.3437,0.0,True
13.6747,-0.9412,0.1206,-6,-6,-5.6884,1.3437,0.0,True
13.682999999999998,-0.4298,0.1238,-6,-6,-5.6884,1.3437,0.0,True
13.6913,-0.8707,0.0809,-6,-6,-5.6884,1.3437,0.0,True
13.699699999999998,-0.6975,0.1065,-6,-6,-5.6884,1.3437,0.0,True
13.7079,-0.8654,0.1264,-6,-6,-5.6884,1.3437,0.0,True
13.716299999999999,-0.699,0.0386,-6,-6,-5.6884,1.3437,0.0,True
13.7247,-0.7631,0.0115,-6,-6,-5.6884,1.3437,0.0,True
13.733099999999999,-0.9759,-0.0764,-6,-6,-5.6884,1.3437,0.0,True
13.7414,-0.7814,0.0325,-6,-6,-5.6884,1.3437,0.0,True
13.749699999999999,-0.8834,-0.0375,-6,-6,-5.6884,1.3437,0.0,True
13.757899999999998,-0.7149,0.1725,-6,-6,-5.6884,1.3437,0.0,True
13.7663,-0.8166,0.0435,-6,-6,-5.6884,1.3437,0.0,True
13.774699999999998,-0.9615,0.1571,-6,-6,-5.6884,1.3437,0.0,True
13.7829,-0.6379,0.0249,-6,-6,-5.6884,1.3437,0.0,True
13.791299999999998,-0.9543,-0.1173,-6,-6,-5.6884,1.3437,0.0,True
13.7997,-0.9171,-0.011,-6,-6,-5.6884,1.3437,0.0,True
13.807899999999998,-0.9333,0.2476,-6,-6,-5.6884,1.3437,0.0,True
13.8163,-0.824,-0.0439,-6,-6,-5.6884,1.3437,0.0,True
13.824799999999998,-0.8646,0.0499,-6,-6,-5.6884,1.3437,0.0,True
13.8331,-0.8901,0.0282,-6,-6,-5.6884,1.3437,0.0,True
13.841399999999998,-0.7459,0.0619,-6,-6,-5.6884,1.3437,0.0,True
13.8497,-0.9899,0.19,-6,-6,-5.6884,1.3437,0.0,True
13.857899999999999,-0.9018,0.2402,-6,-6,-5.6884,1.3437,0.0,True
13.8664,-1.2217,0.3195,-6,-6,-5.6884,1.3437,0.0,True
13.874699999999999,-1.1569,0.4176,-6,-6,-5.6884,1.3437,0.0,True
13.882899999999998,-1.1798,0.273,-6,-6,-5.6884,1.3437,0.0,True
13.8913,-0.8271,0.0707,-6,-6,-5.6884,1.3437,0.0,True
13.899699999999998,-0.8665,0.237,-6,-6,-5.6884,1.3437,0.0,True
13.9079,-0.8377,-0.1787,-6,-6,-5.6884,1.3437,0.0,True
13.916299999999998,-0.5557,0.216,-6,-6,-5.6884,1.3437,0.0,True
13.9247,-0.704,0.1477,-6,-6,-5.6884,1.3437,0.0,True
13.932999999999998,-1.0015,0.1641,-6,-6,-5.6884,1.3437,0.0,True
13.9413,-0.7829,0.1212,-6,-6,-5.6884,1.3437,0.0,True
13.949699999999998,-0.6884,0.0252,-6,-6,-5.6884,1.3437,0.0,True
13.9579,-1.0321,-0.0943,-6,-6,-5.6884,1.3437,0.0,True
13.966299999999999,-0.8669,-0.2527,-6,-6,-5.6884,1.3437,0.0,True
13.9747,-1.1161,0.0756,-6,-6,-5.6884,1.3437,0.0,True
13.982999999999999,-1.1164,-0.0622,-6,-6,-5.6884,1.3437,0.0,True
13.9913,-0.8793,0.1861,-6,-6,-5.6884,1.3437,0.0,True
13.999699999999999,-1.1152,-0.2348,-6,-6,-5.6884,1.3437,0.0,True
14.007899999999998,-1.3187,0.0629,-6,-6,-5.6884,1.3437,0.0,True
14.0163,-1.2164,0.0108,-6,-6,-5.6884,1.3437,0.0,True
14.024699999999998,-0.8592,-0.0152,-6,-6,-5.6884,1.3437,0.0,True
14.033,-0.92,-0.1993,-6,-6,-5.6884,1.3437,0.0,True
14.041299999999998,-0.7956,-0.0051,-6,-6,-5.6884,1.3437,0.0,True
14.0497,-0.9368,0.1292,-6,-6,-5.6884,1.3437,0.0,True
14.057899999999998,-1.1411,0.0589,-6,-6,-5.6884,1.3437,0.0,True
14.0663,-0.9382,0.0713,-6,-6,-5.6884,1.3437,0.0,True
14.074699999999998,-0.8168,0.2292,-6,-6,-5.6884,1.3437,0.0,True
14.0829,-0.7786,-0.0083,-6,-6,-5.6884,1.3437,0.0,True
14.091299999999999,-0.8146,-0.0436,-6,-6,-5.6884,1.3437,0.0,True
14.0997,-0.7527,0.0709,-6,-6,-5.6884,1.3437,0.0,True
14.107899999999999,-0.8286,0.2569,-6,-6,-5.6884,1.3437,0.0,True
14.1163,-0.6676,0.3712,-6,-6,-5.6884,1.3437,0.0,True
14.124699999999999,-0.833,0.4645,-6,-6,-5.6884,1.3437,0.0,True
14.1331,-0.7464,0.2606,-6,-6,-5.6884,1.3437,0.0,True
14.1413,-0.8456,0.3701,-6,-6,-5.6884,1.3437,0.0,True
14.149699999999998,-0.814,0.1947,-6,-6,-5.6884,1.3437,0.0,True
14.1579,-0.6439,0.3106,-6,-6,-5.6884,1.3437,0.0,True
14.166299999999998,-0.8383,0.1523,-6,-6,-5.6884,1.3437,0.0,True
14.1747,-0.7784,0.3133,-6,-6,-5.6884,1.3437,0.0,True
14.182899999999998,-0.6181,0.5735,-6,-6,-5.6884,1.3437,0.0,True
14.1913,-0.6054,0.3515,-6,-6,-5.6884,1.3437,0.0,True
14.199799999999998,-0.6038,0.5197,-6,-6,-5.6884,1.3437,0.0,True
14.208,-0.6342,0.5483,-6,-6,-5.6884,1.3437,0.0,True
14.216299999999999,-0.6131,0.3207,-6,-6,-5.6884,1.3437,0.0,True
14.2247,-0.6405,0.3889,-6,-6,-5.6884,1.3437,0.0,True
14.232999999999999,-0.5696,0.3127,-6,-6,-5.6884,1.3437,0.0,True
14.2413,-0.6981,0.2991,-6,-6,-5.6884,1.3437,0.0,True
14.249699999999999,-0.9018,0.1637,-6,-6,-5.6884,1.3437,0.0,True
14.2581,-0.5913,0.4266,-6,-6,-5.6884,1.3437,0.0,True
14.266399999999999,-0.6155,0.326,-6,-6,-5.6884,1.3437,0.0,True
14.274699999999998,-0.7642,0.2522,-6,-6,-5.6884,1.3437,0.0,True
14.283,-0.8718,0.1513,-6,-6,-5.6884,1.3437,0.0,True
14.291299999999998,-0.9758,0.227,-6,-6,-5.6884,1.3437,0.0,True
14.2997,-0.8811,0.3796,-6,-6,-5.6884,1.3437,0.0,True
14.307999999999998,-0.7113,0.1267,-6,-6,-5.6884,1.3437,0.0,True
14.3163,-0.9653,0.1463,-6,-6,-5.6884,1.3437,0.0,True
14.324699999999998,-0.8035,0.153,-6,-6,-5.6884,1.3437,0.0,True
14.333,-0.7353,0.3979,-6,-6,-5.6884,1.3437,0.0,True
14.341299999999999,-1.0454,-0.0164,-6,-6,-5.6884,1.3437,0.0,True
14.3497,-0.9859,0.4206,-6,-6,-5.6884,1.3437,0.0,True
14.357899999999999,-1.2243,0.2926,-6,-6,-5.6884,1.3437,0.0,True
14.3663,-1.0718,0.3245,-6,-6,-5.6884,1.3437,0.0,True
14.374699999999999,-0.9065,0.3315,-6,-6,-5.6884,1.3437,0.0,True
14.383000000000001,-0.8877,0.3568,-6,-6,-5.6884,1.3437,0.0,True
14.3913,-1.0225,0.3431,-6,-6,-5.6884,1.3437,0.0,True
14.399699999999998,-0.8322,0.5695,-6,-6,-5.6884,1.3437,0.0,True
14.408,-0.9966,0.6743,-6,-6,-5.6884,1.3437,0.0,True
14.416299999999998,-0.6492,0.5501,-6,-6,-5.6884,1.3437,0.0,True
14.4247,-0.836,0.4617,-6,-6,-5.6884,1.3437,0.0,True
14.432999999999998,-0.8064,0.6871,-6,-6,-5.6884,1.3437,0.0,True
14.4413,-0.7833,0.5183,-6,-6,-5.6884,1.3437,0.0,True
14.449699999999998,-0.7379,0.3828,-6,-6,-5.6884,1.3437,0.0,True
14.4579,-0.8009,0.6342,-6,-6,-5.6884,1.3437,0.0,True
14.466299999999999,-0.8796,0.5849,-6,-6,-5.6884,1.3437,0.0,True
14.4747,-0.6523,0.4695,-6,-6,-5.6884,1.3437,0.0,True
14.482899999999999,-0.702,0.3691,-6,-6,-5.6884,1.3437,0.0,True
14.4913,-0.579,0.6356,-6,-6,-5.6884,1.3437,0.0,True
14.499699999999999,-0.5911,0.6121,-6,-6,-5.6884,1.3437,0.0,True
14.507899999999998,-0.8593,0.5224,-6,-6,-5.6884,1.3437,0.0,True
14.5163,-0.6604,0.5187,-6,-6,-5.6884,1.3437,0.0,True
14.524699999999998,-0.7212,0.5949,-6,-6,-5.6884,1.3437,0.0,True
14.533,-0.7549,0.4736,-6,-6,-5.6884,1.3437,0.0,True
14.541299999999998,-0.7491,0.4797,-6,-6,-5.6884,1.3437,0.0,True
14.5498,-0.8234,0.2985,-6,-6,-5.6884,1.3437,0.0,True
14.557899999999998,-0.8976,0.419,-6,-6,-5.6884,1.3437,0.0,True
14.5663,-0.6721,0.3731,-6,-6,-5.6884,1.3437,0.0,True
14.574799999999998,-0.8119,0.5382,-6,-6,-5.6884,1.3437,0.0,True
14.583,-0.6792,0.658,-6,-6,-5.6884,1.3437,0.0,True
14.591299999999999,-0.8744,0.3984,-6,-6,-5.6884,1.3437,0.0,True
14.5998,-0.7043,0.4513,-6,-6,-5.6884,1.3437,0.0,True
14.607899999999999,-0.6158,0.2887,-6,-6,-5.6884,1.3437,0.0,True
14.6163,-0.7871,0.5062,-6,-6,-5.6884,1.3437,0.0,True
14.624699999999999,-0.8715,0.3771,-6,-6,-5.6884,1.3437,0.0,True
14.6331,-0.8652,0.4269,-6,-6,-5.6884,1.3437,0.0,True
14.6413,-0.7206,0.3101,-6,-6,-5.6884,1.3437,0.0,True
14.6499,-0.742,0.204,-6,-6,-5.6884,1.3437,0.0,True
14.6579,-0.6783,0.2621,-6,-6,-5.6884,1.3437,0.0,True
14.666299999999998,-0.6256,0.0876,-6,-6,-5.6884,1.3437,0.0,True
14.6747,-0.7936,0.4662,-6,-6,-5.6884,1.3437,0.0,True
14.682899999999998,-0.7659,0.3891,-6,-6,-5.6884,1.3437,0.0,True
14.6913,-0.5925,0.2105,-6,-6,-5.6884,1.3437,0.0,True
14.699699999999998,-0.603,0.2964,-6,-6,-5.6884,1.3437,0.0,True
14.7079,-0.8242,0.3053,-6,-6,-5.6884,1.3437,0.0,True
14.716399999999998,-0.5892,0.4109,-6,-6,-5.6884,1.3437,0.0,True
14.7247,-0.706,0.4057,-6,-6,-5.6884,1.3437,0.0,True
14.733099999999999,-0.8077,0.2349,-6,-6,-5.6884,1.3437,0.0,True
14.7414,-0.5568,0.0903,-6,-6,-5.6884,1.3437,0.0,True
14.749699999999999,-0.5922,0.206,-6,-6,-5.6884,1.3437,0.0,True
14.757899999999998,-0.523,0.1897,-6,-6,-5.6884,1.3437,0.0,True
14.7663,-0.9355,0.0574,-6,-6,-5.6884,1.3437,0.0,True
15.591299999999999,0.149,-0.2426,-3,0,-5.6884,1.3437,0.0,True
15.5997,0.1043,-0.2896,-3,0,-5.6884,1.3437,0.0,True
15.607899999999999,0.0467,-0.1696,-3,0,-5.6884,1.3437,0.0,True
15.6163,0.1575,-0.2684,-3,0,-5.6884,1.3437,0.0,True
15.624699999999999,0.1842,-0.2659,-3,0,-5.6884,1.3437,0.0,True
15.633000000000001,0.0095,-0.2869,-3,0,-5.6884,1.3437,0.0,True
15.6413,0.1737,-0.266,-3,0,-5.6884,1.3437,0.0,True
15.649699999999998,0.1653,-0.231,-3,0,-5.6884,1.3437,0.0,True
15.6579,0.1297,-0.2225,-3,0,-5.6884,1.3437,0.0,True
15.666299999999998,0.1218,-0.4215,-3,0,-5.6884,1.3437,0.0,True
15.6747,0.0933,-0.3551,-3,0,-5.6884,1.3437,0.0,True
15.682899999999998,0.3207,-0.1194,-3,0,-5.6884,1.3437,0.0,True
15.6913,0.2186,-0.2742,-3,0,-5.6884,1.3437,0.0,True
15.699699999999998,0.314,-0.359,-3,0,-5.6884,1.3437,0.0,True
15.7079,0.218,-0.3578,-3,0,-5.6884,1.3437,0.0,True
15.716299999999999,0.1928,-0.3147,-3,0,-5.6884,1.3437,0.0,True
15.7247,0.2301,-0.3695,-3,0,-5.6884,1.3437,0.0,True
15.732999999999999,0.1821,-0.3193,-3,0,-5.6884,1.3437,0.0,True
15.7413,0.1187,-0.2524,-3,0,-5.6884,1.3437,0.0,True
15.749699999999999,0.133,-0.16,-3,0,-5.6884,1.3437,0.0,True
15.757899999999998,0.0396,-0.2634,-3,0,-5.6884,1.3437,0.0,True
15.7663,0.0982,-0.2087,-3,0,-5.6884,1.3437,0.0,True
15.774699999999998,0.1461,-0.256,-3,0,-5.6884,1.3437,0.0,True
15.7829,0.1909,-0.1584,-3,0,-5.6884,1.3437,0.0,True
15.791299999999998,0.185,-0.1766,-3,0,-5.6884,1.3437,0.0,True
15.7997,0.1581,-0.2403,-3,0,-5.6884,1.3437,0.0,True
15.807899999999998,0.165,-0.1519,-3,0,-5.6884,1.3437,0.0,True
15.8164,0.1772,-0.1432,-3,0,-5.6884,1.3437,0.0,True
15.824699999999998,0.2715,-0.2295,-3,0,-5.6884,1.3437,0.0,True
15.833,0.1475,-0.1502,-3,0,-5.6884,1.3437,0.0,True
15.841299999999999,0.0079,-0.339,-3,0,-5.6884,1.3437,0.0,True
15.8497,0.0281,-0.3577,-3,0,-5.6884,1.3437,0.0,True
15.857899999999999,0.1375,-0.3118,-3,0,-5.6884,1.3437,0.0,True
15.8663,0.1122,-0.3049,-3,0,-5.6884,1.3437,0.0,True
15.874699999999999,0.2385,-0.2098,-3,0,-5.6884,1.3437,0.0,True
15.882899999999998,0.0574,-0.1449,-3,0,-5.6884,1.3437,0.0,True
15.8913,0.0754,-0.2922,-3,0,-5.6884,1.3437,0.0,True
15.8998,0.0489,-0.3434,-3,0,-5.6884,1.3437,0.0,True
15.9079,0.0199,-0.2433,-3,0,-5.6884,1.3437,0.0,True
15.916299999999998,0.0047,-0.2303,-3,0,-5.6884,1.3437,0.0,True
15.9247,0.1197,-0.1572,-3,0,-5.6884,1.3437,0.0,True
15.932999999999998,0.1121,-0.4344,-3,0,-5.6884,1.3437,0.0,True
15.9413,0.1195,-0.2057,-3,0,-5.6884,1.3437,0.0,True
15.949699999999998,0.0468,-0.2435,-3,0,-5.6884,1.3437,0.0,True
15.9579,0.142,-0.1366,-3,0,-5.6884,1.3437,0.0,True
15.966299999999999,0.0379,-0.2124,-3,0,-5.6884,1.3437,0.0,True
15.9747,-0.0764,-0.212,-3,0,-5.6884,1.3437,0.0,True
15.982899999999999,-0.0294,-0.1822,-3,0,-5.6884,1.3437,0.0,True
15.9913,0.1259,-0.1175,-3,0,-5.6884,1.3437,0.0,True
15.999699999999999,-0.0771,-0.2851,-3,0,-5.6884,1.3437,0.0,True
16.008000000000003,0.0011,-0.1823,-3,0,-5.6884,1.3437,0.0,True
16.0163,-0.113,-0.3326,-3,0,-5.6884,1.3437,0.0,True
16.024699999999996,-0.0584,-0.3107,-3,0,-5.6884,1.3437,0.0,True
16.033,0.0805,-0.2522,-3,0,-5.6884,1.3437,0.0,True
16.0413,-0.0647,-0.2425,-3,0,-5.6884,1.3437,0.0,True
16.049799999999998,0.1351,-0.23,-3,0,-5.6884,1.3437,0.0,True
16.057899999999997,0.0482,-0.2487,-3,0,-5.6884,1.3437,0.0,True
16.0663,0.0902,-0.1466,-3,0,-5.6884,1.3437,0.0,True
16.0747,-0.0219,-0.1443,-3,0,-5.6884,1.3437,0.0,True
16.083,-0.0292,-0.2353,-3,0,-5.6884,1.3437,0.0,True
16.091299999999997,-0.0473,-0.1974,-3,0,-5.6884,1.3437,0.0,True
16.0997,-0.0033,-0.1686,-3,0,-5.6884,1.3437,0.0,True
16.1079,-0.0704,-0.2419,-3,0,-5.6884,1.3437,0.0,True
16.116300000000003,-0.194,-0.2181,-3,0,-5.6884,1.3437,0.0,True
16.1248,-0.0625,-0.2884,-3,0,-5.6884,1.3437,0.0,True
16.133000000000003,-0.1425,-0.247,-3,0,-5.6884,1.3437,0.0,True
16.1413,-0.1888,-0.076,-3,0,-5.6884,1.3437,0.0,True
16.149699999999996,-0.1956,-0.2266,-3,0,-5.6884,1.3437,0.0,True
16.157899999999998,-0.0791,-0.194,-3,0,-5.6884,1.3437,0.0,True
16.1663,-0.1222,-0.1529,-3,0,-5.6884,1.3437,0.0,True
16.1747,-0.0304,-0.1512,-3,0,-5.6884,1.3437,0.0,True
16.182899999999997,0.0265,-0.2586,-3,0,-5.6884,1.3437,0.0,True
16.1913,-0.1416,-0.0844,-3,0,-5.6884,1.3437,0.0,True
16.1997,-0.001,-0.1372,-3,0,-5.6884,1.3437,0.0,True
16.207900000000002,0.0365,-0.1618,-3,0,-5.6884,1.3437,0.0,True
16.216299999999997,-0.0472,-0.0914,-3,0,-5.6884,1.3437,0.0,True
16.2247,0.0498,-0.0701,-3,0,-5.6884,1.3437,0.0,True
16.232999999999997,0.0424,-0.2031,-3,0,-5.6884,1.3437,0.0,True
16.241300000000003,0.0325,-0.0811,-3,0,-5.6884,1.3437,0.0,True
16.249699999999997,-0.08,-0.0061,-3,0,-5.6884,1.3437,0.0,True
16.2579,-0.058,-0.0953,-3,0,-5.6884,1.3437,0.0,True
16.2663,0.0381,0.0021,-3,0,-5.6884,1.3437,0.0,True
16.2748,-0.0898,-0.0372,-3,0,-5.6884,1.3437,0.0,True
16.283,-0.0198,0.0177,-3,0,-5.6884,1.3437,0.0,True
16.2913,0.0837,0.0584,-3,0,-5.6884,1.3437,0.0,True
16.2997,0.0349,-0.1226,-3,0,-5.6884,1.3437,0.0,True
16.308,0.0797,-0.0862,-3,0,-5.6884,1.3437,0.0,True
16.3163,0.0788,0.0457,-3,0,-5.6884,1.3437,0.0,True
16.3247,-0.1575,-0.0614,-3,0,-5.6884,1.3437,0.0,True
16.333,-0.1022,-0.0604,-3,0,-5.6884,1.3437,0.0,True
16.341299999999997,-0.1774,-0.0581,-3,0,-5.6884,1.3437,0.0,True
16.349800000000002,-0.0759,0.1344,-3,0,-5.6884,1.3437,0.0,True
16.3579,0.003,-0.091,-3,0,-5.6884,1.3437,0.0,True
16.366300000000003,0.0747,0.0672,-3,0,-5.6884,1.3437,0.0,True
16.374699999999997,-0.1806,-0.0497,-3,0,-5.6884,1.3437,0.0,True
16.3829,-0.0461,-0.0737,-3,0,-5.6884,1.3437,0.0,True
16.3913,-0.0412,0.0508,-3,0,-5.6884,1.3437,0.0,True
16.399699999999996,-0.2088,0.0029,-3,0,-5.6884,1.3437,0.0,True
16.407899999999998,-0.0849,0.0226,-3,0,-5.6884,1.3437,0.0,True
16.4163,-0.0939,-0.0519,-3,0,-5.6884,1.3437,0.0,True
16.4247,-0.1176,-0.0531,-3,0,-5.6884,1.3437,0.0,True
16.433,-0.0718,-0.0449,-3,0,-5.6884,1.3437,0.0,True
16.4413,0.0293,-0.041,-3,0,-5.6884,1.3437,0.0,True
16.4497,0.0109,-0.1273,-3,0,-5.6884,1.3437,0.0,True
16.4581,-0.0641,-0.138,-3,0,-5.6884,1.3437,0.0,True
16.466299999999997,-0.0146,-0.0781,-3,0,-5.6884,1.3437,0.0,True
16.4747,-0.0115,-0.1118,-3,0,-5.6884,1.3437,0.0,True
16.482999999999997,0.0673,-0.0562,-3,0,-5.6884,1.3437,0.0,True
16.491300000000003,0.0867,-0.0799,-3,0,-5.6884,1.3437,0.0,True
16.499699999999997,0.0367,-0.0498,-3,0,-5.6884,1.3437,0.0,True
16.5079,0.0368,-0.1371,-3,0,-5.6884,1.3437,0.0,True
16.5163,-0.1031,-0.0032,-3,0,-5.6884,1.3437,0.0,True
16.524699999999996,0.0144,-0.2133,-3,0,-5.6884,1.3437,0.0,True
16.533,0.114,-0.0518,-3,0,-5.6884,1.3437,0.0,True
16.5413,0.052,-0.0659,-3,0,-5.6884,1.3437,0.0,True
16.549799999999998,0.0709,0.0003,-3,0,-5.6884,1.3437,0.0,True
16.557899999999997,0.0307,-0.0735,-3,0,-5.6884,1.3437,0.0,True
16.5664,-0.1113,0.0852,-3,0,-5.6884,1.3437,0.0,True
16.5747,-0.065,0.0945,-3,0,-5.6884,1.3437,0.0,True
16.582900000000002,-0.1284,0.0747,-3,0,-5.6884,1.3437,0.0,True
16.591299999999997,-0.0864,0.0516,-3,0,-5.6884,1.3437,0.0,True
16.599800000000002,-0.0654,-0.1008,-3,0,-5.6884,1.3437,0.0,True
16.6079,-0.0494,0.0017,-3,0,-5.6884,1.3437,0.0,True
16.616300000000003,-0.0101,-0.0663,-3,0,-5.6884,1.3437,0.0,True
16.6248,0.0364,0.0006,-3,0,-5.6884,1.3437,0.0,True
16.633000000000003,-0.0453,-0.0876,-3,0,-5.6884,1.3437,0.0,True
16.6413,-0.0966,-0.0479,-3,0,-5.6884,1.3437,0.0,True
16.649699999999996,-0.1432,-0.0367,-3,0,-5.6884,1.3437,0.0,True
16.6584,-0.2406,-0.0414,-3,0,-5.6884,1.3437,0.0,True
16.6663,-0.0797,0.0328,-3,0,-5.6884,1.3437,0.0,True
16.6747,-0.0347,-0.1635,-3,0,-5.6884,1.3437,0.0,True
16.682899999999997,0.0221,0.0691,-3,0,-5.6884,1.3437,0.0,True
16.6913,-0.083,0.0917,-3,0,-5.6884,1.3437,0.0,True
16.6997,-0.0431,-0.0908,-3,0,-5.6884,1.3437,0.0,True
16.707900000000002,-0.0203,0.0792,-3,0,-5.6884,1.3437,0.0,True
16.716299999999997,-0.08,0.0596,-3,0,-5.6884,1.3437,0.0,True
16.7247,-0.0762,-0.0805,-3,0,-5.6884,1.3437,0.0,True
16.732999999999997,-0.0775,0.0008,-3,0,-5.6884,1.3437,0.0,True
16.741300000000003,-0.1252,-0.1026,-3,0,-5.6884,1.3437,0.0,True
16.749699999999997,-0.1964,0.0008,-3,0,-5.6884,1.3437,0.0,True
16.7579,-0.2769,-0.0522,-3,0,-5.6884,1.3437,0.0,True
16.7663,-0.1343,0.0235,-3,0,-5.6884,1.3437,0.0,True
16.774699999999996,-0.2576,-0.0756,-3,0,-5.6884,1.3437,0.0,True
16.782899999999998,-0.3594,-0.0716,-3,0,-5.6884,1.3437,0.0,True
16.7913,-0.3018,-0.0664,-3,0,-5.6884,1.3437,0.0,True
16.7997,-0.2154,-0.0824,-3,0,-5.6884,1.3437,0.0,True
16.807899999999997,-0.046,-0.093,-3,0,-5.6884,1.3437,0.0,True
16.8164,-0.2025,-0.0672,-3,0,-5.6884,1.3437,0.0,True
16.8247,-0.1747,-0.0749,-3,0,-5.6884,1.3437,0.0,True
16.833,-0.1184,-0.0436,-3,0,-5.6884,1.3437,0.0,True
16.841299999999997,-0.1372,-0.0521,-3,0,-5.6884,1.3437,0.0,True
16.8497,-0.2512,-0.1741,-3,0,-5.6884,1.3437,0.0,True
16.8579,-0.1136,-0.0924,-3,0,-5.6884,1.3437,0.0,True
16.866300000000003,-0.1923,0.0207,-3,0,-5.6884,1.3437,0.0,True
16.874699999999997,-0.162,-0.1151,-3,0,-5.6884,1.3437,0.0,True
16.883000000000003,-0.0773,-0.0474,-3,0,-5.6884,1.3437,0.0,True
16.8913,-0.2486,-0.0628,-3,0,-5.6884,1.3437,0.0,True
16.899699999999996,-0.1497,-0.1516,-3,0,-5.6884,1.3437,0.0,True
16.907899999999998,-0.2724,-0.1297,-3,0,-5.6884,1.3437,0.0,True
16.916399999999996,-0.2434,-0.1114,-3,0,-5.6884,1.3437,0.0,True
16.9247,-0.2292,-0.0466,-3,0,-5.6884,1.3437,0.0,True
16.933,-0.3037,-0.1184,-3,0,-5.6884,1.3437,0.0,True
16.9413,-0.0672,-0.0795,-3,0,-5.6884,1.3437,0.0,True
16.9497,-0.2214,-0.0809,-3,0,-5.6884,1.3437,0.0,True
16.957900000000002,-0.2506,-0.1969,-3,0,-5.6884,1.3437,0.0,True
16.966299999999997,-0.2134,-0.2437,-3,0,-5.6884,1.3437,0.0,True
16.9747,-0.3234,-0.0839,-3,0,-5.6884,1.3437,0.0,True
16.9829,-0.1887,-0.0839,-3,0,-5.6884,1.3437,0.0,True
16.991300000000003,-0.2991,-0.1516,-3,0,-5.6884,1.3437,0.0,True
16.999699999999997,-0.1838,-0.2301,-3,0,-5.6884,1.3437,0.0,True
17.0079,-0.2295,-0.0901,-3,0,-5.6884,1.3437,0.0,True
17.016399999999997,-0.3159,-0.2708,-3,0,-5.6884,1.3437,0.0,True
17.024699999999996,-0.2423,-0.1084,-3,0,-5.6884,1.3437,0.0,True
17.032899999999998,-0.2569,-0.1325,-3,0,-5.6884,1.3437,0.0,True
17.0413,-0.276,-0.1931,-3,0,-5.6884,1.3437,0.0,True
17.0497,-0.2911,-0.1597,-3,0,-5.6884,1.3437,0.0,True
17.057899999999997,-0.1842,-0.1115,-3,0,-5.6884,1.3437,0.0,True
17.0663,-0.4001,-0.0651,-3,0,-5.6884,1.3437,0.0,True
17.8913,0.1343,-0.4011,0,0,-5.6884,1.3437,0.0,True
17.8996,0.1764,-0.4307,0,0,-5.6884,1.3437,0.0,True
17.907899999999998,-0.0741,-0.4156,0,0,-5.6884,1.3437,0.0,True
17.916399999999996,0.0142,-0.531,0,0,-5.6884,1.3437,0.0,True
17.924599999999998,0.0791,-0.4142,0,0,-5.6884,1.3437,0.0,True
17.933,-0.1156,-0.4244,0,0,-5.6884,1.3437,0.0,True
17.9413,-0.0277,-0.4445,0,0,-5.6884,1.3437,0.0,True
17.9495,0.0778,-0.4861,0,0,-5.6884,1.3437,0.0,True
17.957900000000002,0.2112,-0.3515,0,0,-5.6884,1.3437,0.0,True
17.966299999999997,0.278,-0.2599,0,0,-5.6884,1.3437,0.0,True
17.9745,0.2855,-0.3633,0,0,-5.6884,1.3437,0.0,True
17.9829,0.475,-0.363,0,0,-5.6884,1.3437,0.0,True
17.991300000000003,0.3889,-0.2884,0,0,-5.6884,1.3437,0.0,True
17.9996,0.3862,-0.3323,0,0,-5.6884,1.3437,0.0,True
18.0079,0.3587,-0.3557,0,0,-5.6884,1.3437,0.0,True
18.0163,0.3142,-0.3398,0,0,-5.6884,1.3437,0.0,True
18.024499999999996,0.2862,-0.36,0,0,-5.6884,1.3437,0.0,True
18.033,0.3441,-0.2434,0,0,-5.6884,1.3437,0.0,True
18.0413,0.2494,-0.2916,0,0,-5.6884,1.3437,0.0,True
18.049500000000002,0.3677,-0.4124,0,0,-5.6884,1.3437,0.0,True
18.057899999999997,0.3083,-0.3177,0,0,-5.6884,1.3437,0.0,True
18.0664,0.1293,-0.2189,0,0,-5.6884,1.3437,0.0,True
18.074799999999996,0.2915,-0.3165,0,0,-5.6884,1.3437,0.0,True
18.082900000000002,0.4096,-0.3632,0,0,-5.6884,1.3437,0.0,True
18.091299999999997,0.3658,-0.2688,0,0,-5.6884,1.3437,0.0,True
18.099600000000002,0.4269,-0.3163,0,0,-5.6884,1.3437,0.0,True
18.1079,0.4255,-0.3773,0,0,-5.6884,1.3437,0.0,True
18.116300000000003,0.3471,-0.2708,0,0,-5.6884,1.3437,0.0,True
18.1246,0.4474,-0.3027,0,0,-5.6884,1.3437,0.0,True
18.1331,0.2672,-0.2079,0,0,-5.6884,1.3437,0.0,True
18.1413,0.5189,-0.3301,0,0,-5.6884,1.3437,0.0,True
18.149499999999996,0.3963,-0.3905,0,0,-5.6884,1.3437,0.0,True
18.157899999999998,0.4315,-0.2825,0,0,-5.6884,1.3437,0.0,True
18.1663,0.3595,-0.243,0,0,-5.6884,1.3437,0.0,True
18.174500000000002,0.4451,-0.3848,0,0,-5.6884,1.3437,0.0,True
18.182899999999997,0.41,-0.2777,0,0,-5.6884,1.3437,0.0,True
18.1913,0.4182,-0.3957,0,0,-5.6884,1.3437,0.0,True
18.199599999999997,0.3407,-0.2964,0,0,-5.6884,1.3437,0.0,True
18.207900000000002,0.3117,-0.3803,0,0,-5.6884,1.3437,0.0,True
18.216299999999997,0.3445,-0.2691,0,0,-5.6884,1.3437,0.0,True
18.2245,0.3181,-0.3666,0,0,-5.6884,1.3437,0.0,True
18.2329,0.4282,-0.3355,0,0,-5.6884,1.3437,0.0,True
18.241300000000003,0.3431,-0.3047,0,0,-5.6884,1.3437,0.0,True
18.249499999999998,0.3423,-0.3673,0,0,-5.6884,1.3437,0.0,True
18.2579,0.4742,-0.4136,0,0,-5.6884,1.3437,0.0,True
18.2663,0.1409,-0.2602,0,0,-5.6884,1.3437,0.0,True
18.274499999999996,0.3543,-0.4004,0,0,-5.6884,1.3437,0.0,True
18.283099999999997,0.3299,-0.3488,0,0,-5.6884,1.3437,0.0,True
18.2913,0.3069,-0.2873,0,0,-5.6884,1.3437,0.0,True
18.299599999999998,0.3352,-0.3485,0,0,-5.6884,1.3437,0.0,True
18.307899999999997,0.3287,-0.4357,0,0,-5.6884,1.3437,0.0,True
18.3163,0.439,-0.3374,0,0,-5.6884,1.3437,0.0,True
18.3245,0.3442,-0.4682,0,0,-5.6884,1.3437,0.0,True
18.332900000000002,0.3813,-0.4057,0,0,-5.6884,1.3437,0.0,True
18.341299999999997,0.4396,-0.378,0,0,-5.6884,1.3437,0.0,True
18.349600000000002,0.4371,-0.4245,0,0,-5.6884,1.3437,0.0,True
18.3579,0.3385,-0.3146,0,0,-5.6884,1.3437,0.0,True
18.366300000000003,0.3633,-0.4777,0,0,-5.6884,1.3437,0.0,True
18.374499999999998,0.4248,-0.4291,0,0,-5.6884,1.3437,0.0,True
18.3829,0.4232,-0.4653,0,0,-5.6884,1.3437,0.0,True
18.3913,0.2471,-0.3708,0,0,-5.6884,1.3437,0.0,True
18.3996,0.4917,-0.4247,0,0,-5.6884,1.3437,0.0,True
18.407899999999998,0.411,-0.3306,0,0,-5.6884,1.3437,0.0,True
18.4163,0.4311,-0.4731,0,0,-5.6884,1.3437,0.0,True
18.424500000000002,0.2579,-0.2693,0,0,-5.6884,1.3437,0.0,True
18.432899999999997,0.3453,-0.3644,0,0,-5.6884,1.3437,0.0,True
18.4413,0.1701,-0.2825,0,0,-5.6884,1.3437,0.0,True
18.4495,0.3443,-0.2929,0,0,-5.6884,1.3437,0.0,True
18.458,0.2096,-0.3764,0,0,-5.6884,1.3437,0.0,True
18.466299999999997,0.1825,-0.3324,0,0,-5.6884,1.3437,0.0,True
18.474600000000002,0.322,-0.3391,0,0,-5.6884,1.3437,0.0,True
18.4829,0.2956,-0.3101,0,0,-5.6884,1.3437,0.0,True
18.491300000000003,0.3352,-0.3609,0,0,-5.6884,1.3437,0.0,True
18.4996,0.2154,-0.5138,0,0,-5.6884,1.3437,0.0,True
18.5079,0.3134,-0.5291,0,0,-5.6884,1.3437,0.0,True
18.5163,0.2675,-0.5116,0,0,-5.6884,1.3437,0.0,True
18.5246,0.2181,-0.5695,0,0,-5.6884,1.3437,0.0,True
18.532899999999998,0.3174,-0.5245,0,0,-5.6884,1.3437,0.0,True
18.5413,0.5056,-0.4349,0,0,-5.6884,1.3437,0.0,True
18.549500000000002,0.4139,-0.3347,0,0,-5.6884,1.3437,0.0,True
18.557899999999997,0.5644,-0.2202,0,0,-5.6884,1.3437,0.0,True
18.5663,0.3724,-0.3438,0,0,-5.6884,1.3437,0.0,True
18.5745,0.3171,-0.3656,0,0,-5.6884,1.3437,0.0,True
18.582900000000002,0.5045,-0.283,0,0,-5.6884,1.3437,0.0,True
18.591299999999997,0.3492,-0.2018,0,0,-5.6884,1.3437,0.0,True
18.5997,0.3723,-0.263,0,0,-5.6884,1.3437,0.0,True
18.6079,0.3996,-0.2115,0,0,-5.6884,1.3437,0.0,True
18.616300000000003,0.3249,-0.1111,0,0,-5.6884,1.3437,0.0,True
18.624499999999998,0.2949,-0.1167,0,0,-5.6884,1.3437,0.0,True
18.6329,0.3655,-0.2066,0,0,-5.6884,1.3437,0.0,True
18.6413,0.3559,-0.0305,0,0,-5.6884,1.3437,0.0,True
18.649499999999996,0.2631,-0.155,0,0,-5.6884,1.3437,0.0,True
18.657899999999998,0.3696,-0.0509,0,0,-5.6884,1.3437,0.0,True
18.666399999999996,0.3294,-0.0705,0,0,-5.6884,1.3437,0.0,True
18.674500000000002,0.2331,-0.1421,0,0,-5.6884,1.3437,0.0,True
18.682899999999997,0.3847,-0.2644,0,0,-5.6884,1.3437,0.0,True
18.6913,0.3891,-0.2728,0,0,-5.6884,1.3437,0.0,True
18.699599999999997,0.3546,-0.2186,0,0,-5.6884,1.3437,0.0,True
18.707900000000002,0.3364,-0.0984,0,0,-5.6884,1.3437,0.0,True
18.716299999999997,0.2907,-0.1552,0,0,-5.6884,1.3437,0.0,True
18.7245,0.2906,-0.1901,0,0,-5.6884,1.3437,0.0,True
18.732999999999997,0.3513,-0.1367,0,0,-5.6884,1.3437,0.0,True
18.741300000000003,0.3351,-0.099,0,0,-5.6884,1.3437,0.0,True
18.749499999999998,0.2533,-0.2661,0,0,-5.6884,1.3437,0.0,True
18.758000000000003,0.3585,-0.1325,0,0,-5.6884,1.3437,0.0,True
18.7663,0.3724,-0.1529,0,0,-5.6884,1.3437,0.0,True
18.774499999999996,0.3181,-0.221,0,0,-5.6884,1.3437,0.0,True
18.782899999999998,0.2799,-0.0273,0,0,-5.6884,1.3437,0.0,True
18.7913,0.2901,-0.2115,0,0,-5.6884,1.3437,0.0,True
18.7997,0.3545,-0.222,0,0,-5.6884,1.3437,0.0,True
18.807899999999997,0.3136,-0.21,0,0,-5.6884,1.3437,0.0,True
18.8163,0.1904,-0.1327,0,0,-5.6884,1.3437,0.0,True
18.8245,0.2375,-0.1609,0,0,-5.6884,1.3437,0.0,True
18.832900000000002,0.3778,-0.1132,0,0,-5.6884,1.3437,0.0,True
18.841299999999997,0.2401,-0.1645,0,0,-5.6884,1.3437,0.0,True
18.8495,0.3073,-0.1843,0,0,-5.6884,1.3437,0.0,True
18.8579,0.2642,-0.1598,0,0,-5.6884,1.3437,0.0,True
18.866300000000003,0.2639,-0.2808,0,0,-5.6884,1.3437,0.0,True
18.8746,0.2955,-0.1629,0,0,-5.6884,1.3437,0.0,True
18.8829,0.3301,-0.1677,0,0,-5.6884,1.3437,0.0,True
18.8913,0.2716,-0.1361,0,0,-5.6884,1.3437,0.0,True
18.8996,0.3698,-0.0107,0,0,-5.6884,1.3437,0.0,True
18.907899999999998,0.3917,-0.114,0,0,-5.6884,1.3437,0.0,True
18.9163,0.2714,-0.0143,0,0,-5.6884,1.3437,0.0,True
18.924500000000002,0.3516,-0.0091,0,0,-5.6884,1.3437,0.0,True
18.932899999999997,0.2511,-0.1176,0,0,-5.6884,1.3437,0.0,True
18.9414,0.3986,-0.0961,0,0,-5.6884,1.3437,0.0,True
18.9495,0.4041,-0.1907,0,0,-5.6884,1.3437,0.0,True
18.957900000000002,0.5297,-0.237,0,0,-5.6884,1.3437,0.0,True
18.966299999999997,0.4191,-0.1947,0,0,-5.6884,1.3437,0.0,True
18.9745,0.4566,-0.1572,0,0,-5.6884,1.3437,0.0,True
18.982999999999997,0.5586,-0.1774,0,0,-5.6884,1.3437,0.0,True
18.991300000000003,0.4821,-0.1274,0,0,-5.6884,1.3437,0.0,True
18.9996,0.3408,-0.1028,0,0,-5.6884,1.3437,0.0,True
19.0079,0.5386,-0.1371,0,0,-5.6884,1.3437,0.0,True
19.0163,0.582,-0.2385,0,0,-5.6884,1.3437,0.0,True
19.0246,0.5681,-0.1576,0,0,-5.6884,1.3437,0.0,True
19.033,0.4711,-0.0003,0,0,-5.6884,1.3437,0.0,True
19.0413,0.4448,-0.18,0,0,-5.6884,1.3437,0.0,True
19.049599999999998,0.5876,-0.216,0,0,-5.6884,1.3437,0.0,True
19.058,0.4041,-0.0953,0,0,-5.6884,1.3437,0.0,True
19.0664,0.3966,-0.0913,0,0,-5.6884,1.3437,0.0,True
19.074599999999997,0.49,-0.1941,0,0,-5.6884,1.3437,0.0,True
19.082900000000002,0.4114,-0.0449,0,0,-5.6884,1.3437,0.0,True
19.091299999999997,0.5304,-0.1229,0,0,-5.6884,1.3437,0.0,True
19.099600000000002,0.4355,-0.0342,0,0,-5.6884,1.3437,0.0,True
19.1079,0.5048,-0.1588,0,0,-5.6884,1.3437,0.0,True
19.116300000000003,0.5208,-0.039,0,0,-5.6884,1.3437,0.0,True
19.124499999999998,0.5114,-0.0192,0,0,-5.6884,1.3437,0.0,True
19.1329,0.4516,-0.0575,0,0,-5.6884,1.3437,0.0,True
19.1413,0.4731,-0.035,0,0,-5.6884,1.3437,0.0,True
19.149499999999996,0.4646,-0.0699,0,0,-5.6884,1.3437,0.0,True
19.157899999999998,0.6315,-0.0038,0,0,-5.6884,1.3437,0.0,True
19.1663,0.5398,-0.1467,0,0,-5.6884,1.3437,0.0,True
19.174500000000002,0.5624,-0.0787,0,0,-5.6884,1.3437,0.0,True
19.182899999999997,0.4833,-0.0209,0,0,-5.6884,1.3437,0.0,True
19.1913,0.6054,-0.0918,0,0,-5.6884,1.3437,0.0,True
19.199599999999997,0.6056,0.0787,0,0,-5.6884,1.3437,0.0,True
19.207900000000002,0.6388,-0.002,0,0,-5.6884,1.3437,0.0,True
19.216299999999997,0.6056,-0.1514,0,0,-5.6884,1.3437,0.0,True
19.224600000000002,0.7419,-0.0765,0,0,-5.6884,1.3437,0.0,True
19.2329,0.4781,-0.0574,0,0,-5.6884,1.3437,0.0,True
19.241300000000003,0.5177,-0.0363,0,0,-5.6884,1.3437,0.0,True
19.249499999999998,0.5625,0.028,0,0,-5.6884,1.3437,0.0,True
19.2579,0.5643,-0.1483,0,0,-5.6884,1.3437,0.0,True
19.2663,0.4534,-0.0092,0,0,-5.6884,1.3437,0.0,True
19.2746,0.4714,-0.1948,0,0,-5.6884,1.3437,0.0,True
19.282899999999998,0.5598,0.0341,0,0,-5.6884,1.3437,0.0,True
19.2913,0.5833,0.0481,0,0,-5.6884,1.3437,0.0,True
19.299599999999998,0.6931,0.0094,0,0,-5.6884,1.3437,0.0,True
19.307899999999997,0.5988,-0.0185,0,0,-5.6884,1.3437,0.0,True
19.3163,0.5582,-0.121,0,0,-5.6884,1.3437,0.0,True
19.3245,0.5348,-0.046,0,0,-5.6884,1.3437,0.0,True
19.332900000000002,0.471,-0.1944,0,0,-5.6884,1.3437,0.0,True
19.341299999999997,0.5975,-0.0874,0,0,-5.6884,1.3437,0.0,True
19.3495,0.5067,0.0067,0,0,-5.6884,1.3437,0.0,True
19.357999999999997,0.4474,-0.0345,0,0,-5.6884,1.3437,0.0,True
19.366300000000003,0.4952,-0.0422,0,0,-5.6884,1.3437,0.0,True
19.374499999999998,0.506,0.0125,0,0,-5.6884,1.3437,0.0,True
19.3829,0.4563,0.0138,0,0,-5.6884,1.3437,0.0,True
19.3913,0.5193,-0.0584,0,0,-5.6884,1.3437,0.0,True
19.3996,0.4668,-0.0122,0,0,-5.6884,1.3437,0.0,True
19.408,0.4473,0.0817,0,0,-5.6884,1.3437,0.0,True
19.4163,0.6161,-0.0095,0,0,-5.6884,1.3437,0.0,True
19.424500000000002,0.571,0.0061,0,0,-5.6884,1.3437,0.0,True
19.432899999999997,0.5133,-0.0424,0,0,-5.6884,1.3437,0.0,True
19.4413,0.5569,-0.0293,0,0,-5.6884,1.3437,0.0,True
20.4414,0.2796,-0.3589,6,3,-5.6884,1.3437,1.0,True
20.449599999999997,0.0556,-0.3186,6,3,-5.6884,1.3437,1.0,True
20.457900000000002,0.2764,-0.4763,6,3,-5.6884,1.3437,1.0,True
20.466299999999997,0.2382,-0.497,6,3,-5.6884,1.3437,1.0,True
20.4745,0.5694,-0.7749,6,3,-5.6884,1.3437,1.0,True
20.4829,0.7832,-0.88,6,3,-5.6884,1.3437,1.0,True
20.491300000000003,0.7754,-0.9124,6,3,-5.6884,1.3437,1.0,True
20.4996,0.3701,-0.8453,6,3,-5.6884,1.3437,1.0,True
20.5079,0.3789,-0.8405,6,3,-5.6884,1.3437,1.0,True
20.5163,0.4368,-0.9093,6,3,-5.6884,1.3437,1.0,True
20.5246,0.4842,-0.91,6,3,-5.6884,1.3437,1.0,True
20.532899999999998,0.3981,-0.8521,6,3,-5.6884,1.3437,1.0,True
20.5413,0.3924,-0.9859,6,3,-5.6884,1.3437,1.0,True
20.549599999999998,0.5002,-0.913,6,3,-5.6884,1.3437,1.0,True
20.557899999999997,0.575,-1.0173,6,3,-5.6884,1.3437,1.0,True
20.5663,0.4106,-0.9756,6,3,-5.6884,1.3437,1.0,True
20.5745,0.4969,-1.0097,6,3,-5.6884,1.3437,1.0,True
20.582900000000002,0.4597,-0.9035,6,3,-5.6884,1.3437,1.0,True
20.591299999999997,0.5505,-0.9754,6,3,-5.6884,1.3437,1.0,True
20.599600000000002,0.5263,-0.9251,6,3,-5.6884,1.3437,1.0,True
20.6079,0.5117,-0.9756,6,3,-5.6884,1.3437,1.0,True
20.616300000000003,0.4416,-1.0225,6,3,-5.6884,1.3437,1.0,True
20.6246,0.5503,-0.991,6,3,-5.6884,1.3437,1.0,True
20.6329,0.4251,-0.996,6,3,-5.6884,1.3437,1.0,True
20.6413,0.577,-1.0413,6,3,-5.6884,1.3437,1.0,True
20.649499999999996,0.4229,-1.0345,6,3,-5.6884,1.3437,1.0,True
20.657899999999998,0.4458,-1.0311,6,3,-5.6884,1.3437,1.0,True
20.6663,0.4082,-1.0796,6,3,-5.6884,1.3437,1.0,True
20.674599999999998,0.3736,-0.9856,6,3,-5.6884,1.3437,1.0,True
20.682899999999997,0.3134,-1.0362,6,3,-5.6884,1.3437,1.0,True
20.6913,0.2107,-1.0472,6,3,-5.6884,1.3437,1.0,True
20.699599999999997,0.2431,-0.9751,6,3,-5.6884,1.3437,1.0,True
20.707900000000002,0.2593,-0.9357,6,3,-5.6884,1.3437,1.0,True
20.716299999999997,0.2093,-0.9768,6,3,-5.6884,1.3437,1.0,True
20.724600000000002,0.2003,-0.9917,6,3,-5.6884,1.3437,1.0,True
20.7329,0.1424,-1.0986,6,3,-5.6884,1.3437,1.0,True
20.741500000000002,0.1705,-0.978,6,3,-5.6884,1.3437,1.0,True
20.7496,0.0878,-1.0519,6,3,-5.6884,1.3437,1.0,True
20.7579,0.1114,-0.9888,6,3,-5.6884,1.3437,1.0,True
20.7663,0.2432,-0.8928,6,3,-5.6884,1.3437,1.0,True
20.774499999999996,0.005,-1.013,6,3,-5.6884,1.3437,1.0,True
20.782899999999998,0.052,-0.9125,6,3,-5.6884,1.3437,1.0,True
20.7913,-0.0627,-0.9155,6,3,-5.6884,1.3437,1.0,True
20.799599999999998,-0.067,-0.9173,6,3,-5.6884,1.3437,1.0,True
20.807899999999997,-0.1265,-0.9003,6,3,-5.6884,1.3437,1.0,True
20.8163,-0.0522,-0.8756,6,3,-5.6884,1.3437,1.0,True
20.824599999999997,-0.0892,-0.8229,6,3,-5.6884,1.3437,1.0,True
20.832900000000002,-0.1769,-0.7952,6,3,-5.6884,1.3437,1.0,True
20.8414,0.006,-0.8266,6,3,-5.6884,1.3437,1.0,True
20.8495,-0.208,-0.8137,6,3,-5.6884,1.3437,1.0,True
20.8579,-0.0038,-0.8418,6,3,-5.6884,1.3437,1.0,True
20.866300000000003,-0.0656,-0.7988,6,3,-5.6884,1.3437,1.0,True
20.874499999999998,-0.0945,-0.8165,6,3,-5.6884,1.3437,1.0,True
20.8829,-0.0532,-0.9122,6,3,-5.6884,1.3437,1.0,True
20.891399999999997,0.0458,-0.9455,6,3,-5.6884,1.3437,1.0,True
20.8996,0.0144,-0.7967,6,3,-5.6884,1.3437,1.0,True
20.907899999999998,-0.0462,-0.6736,6,3,-5.6884,1.3437,1.0,True
20.916399999999996,0.0345,-0.6659,6,3,-5.6884,1.3437,1.0,True
20.924500000000002,-0.0706,-0.7917,6,3,-5.6884,1.3437,1.0,True
20.932899999999997,-0.0461,-0.7592,6,3,-5.6884,1.3437,1.0,True
20.9413,0.0298,-0.7989,6,3,-5.6884,1.3437,1.0,True
20.9495,-0.0575,-0.7821,6,3,-5.6884,1.3437,1.0,True
20.957900000000002,-0.0319,-0.9357,6,3,-5.6884,1.3437,1.0,True
20.966299999999997,-0.102,-0.7395,6,3,-5.6884,1.3437,1.0,True
20.9745,0.0336,-0.7907,6,3,-5.6884,1.3437,1.0,True
20.9829,0.0473,-0.9299,6,3,-5.6884,1.3437,1.0,True
20.991300000000003,0.1138,-0.937,6,3,-5.6884,1.3437,1.0,True
20.9996,0.0295,-0.8946,6,3,-5.6884,1.3437,1.0,True
21.008000000000003,-0.0294,-0.7875,6,3,-5.6884,1.3437,1.0,True
21.0163,0.0864,-1.0104,6,3,-5.6884,1.3437,1.0,True
21.0246,0.0603,-0.824,6,3,-5.6884,1.3437,1.0,True
21.032899999999998,0.0989,-0.894,6,3,-5.6884,1.3437,1.0,True
21.0413,0.0714,-0.8937,6,3,-5.6884,1.3437,1.0,True
21.0497,0.1956,-0.8015,6,3,-5.6884,1.3437,1.0,True
21.057899999999997,0.0745,-0.9783,6,3,-5.6884,1.3437,1.0,True
21.0663,0.0052,-0.9592,6,3,-5.6884,1.3437,1.0,True
21.074599999999997,0.1045,-0.9118,6,3,-5.6884,1.3437,1.0,True
21.083,0.0999,-0.9118,6,3,-5.6884,1.3437,1.0,True
21.091299999999997,0.045,-0.8612,6,3,-5.6884,1.3437,1.0,True
21.099600000000002,0.103,-0.923,6,3,-5.6884,1.3437,1.0,True
21.107999999999997,0.015,-0.8214,6,3,-5.6884,1.3437,1.0,True
21.116300000000003,-0.0129,-0.9358,6,3,-5.6884,1.3437,1.0,True
21.1246,0.0549,-0.8927,6,3,-5.6884,1.3437,1.0,True
21.1329,-0.0065,-0.8579,6,3,-5.6884,1.3437,1.0,True
21.141399999999997,0.0217,-0.8798,6,3,-5.6884,1.3437,1.0,True
21.149499999999996,0.0663,-0.7597,6,3,-5.6884,1.3437,1.0,True
21.158,0.1825,-0.9473,6,3,-5.6884,1.3437,1.0,True
21.1663,-0.0141,-0.8292,6,3,-5.6884,1.3437,1.0,True
21.174500000000002,0.0155,-0.8079,6,3,-5.6884,1.3437,1.0,True
21.182899999999997,0.1412,-0.916,6,3,-5.6884,1.3437,1.0,True
21.1914,-0.0203,-0.8312,6,3,-5.6884,1.3437,1.0,True
21.199599999999997,0.1704,-0.7934,6,3,-5.6884,1.3437,1.0,True
21.207900000000002,0.0547,-0.8646,6,3,-5.6884,1.3437,1.0,True
21.2164,0.0519,-0.7301,6,3,-5.6884,1.3437,1.0,True
21.2245,0.0679,-0.8064,6,3,-5.6884,1.3437,1.0,True
21.2329,0.1331,-0.7947,6,3,-5.6884,1.3437,1.0,True
21.241300000000003,-0.1182,-0.8367,6,3,-5.6884,1.3437,1.0,True
21.2496,0.1951,-0.9292,6,3,-5.6884,1.3437,1.0,True
21.258000000000003,0.0035,-0.827,6,3,-5.6884,1.3437,1.0,True
21.2663,-0.0569,-0.8736,6,3,-5.6884,1.3437,1.0,True
21.2746,-0.158,-0.8163,6,3,-5.6884,1.3437,1.0,True
21.282899999999998,-0.015,-0.8386,6,3,-5.6884,1.3437,1.0,True
21.2913,0.0848,-0.8164,6,3,-5.6884,1.3437,1.0,True
21.299599999999998,0.0991,-0.8462,6,3,-5.6884,1.3437,1.0,True
21.308,-0.0372,-0.901,6,3,-5.6884,1.3437,1.0,True
21.3164,-0.026,-0.8432,6,3,-5.6884,1.3437,1.0,True
21.324599999999997,-0.0923,-0.971,6,3,-5.6884,1.3437,1.0,True
21.332900000000002,-0.0838,-0.8836,6,3,-5.6884,1.3437,1.0,True
21.3414,0.0888,-0.9091,6,3,-5.6884,1.3437,1.0,True
21.3495,0.0297,-0.9252,6,3,-5.6884,1.3437,1.0,True
21.357999999999997,-0.0246,-0.9161,6,3,-5.6884,1.3437,1.0,True
21.366300000000003,0.0051,-0.9134,6,3,-5.6884,1.3437,1.0,True
21.374499999999998,0.1775,-1.1259,6,3,-5.6884,1.3437,1.0,True
21.3829,0.142,-0.9621,6,3,-5.6884,1.3437,1.0,True
21.391399999999997,-0.0132,-0.8615,6,3,-5.6884,1.3437,1.0,True
21.3996,0.0299,-0.8068,6,3,-5.6884,1.3437,1.0,True
21.408,0.0879,-1.0084,6,3,-5.6884,1.3437,1.0,True
21.4163,-0.0588,-0.9726,6,3,-5.6884,1.3437,1.0,True
21.424500000000002,0.1,-1.0081,6,3,-5.6884,1.3437,1.0,True
21.433,-0.0508,-0.9099,6,3,-5.6884,1.3437,1.0,True
21.4413,0.0309,-1.0425,6,3,-5.6884,1.3437,1.0,True
21.4495,-0.0537,-0.9546,6,3,-5.6884,1.3437,1.0,True
21.458,0.0063,-1.0213,6,3,-5.6884,1.3437,1.0,True
21.4664,-0.0398,-1.0195,6,3,-5.6884,1.3437,1.0,True
21.4745,0.0331,-0.8865,6,3,-5.6884,1.3437,1.0,True
21.4829,0.0826,-1.0879,6,3,-5.6884,1.3437,1.0,True
21.491300000000003,-0.0501,-0.8909,6,3,-5.6884,1.3437,1.0,True
21.499699999999997,0.0175,-0.9242,6,3,-5.6884,1.3437,1.0,True
21.5079,0.0499,-0.922,6,3,-5.6884,1.3437,1.0,True
21.5163,0.0258,-1.003,6,3,-5.6884,1.3437,1.0,True
21.5246,-0.039,-0.9362,6,3,-5.6884,1.3437,1.0,True
21.532899999999998,-0.0096,-0.9515,6,3,-5.6884,1.3437,1.0,True
21.541399999999996,-0.1023,-1.0329,6,3,-5.6884,1.3437,1.0,True
21.549500000000002,-0.0459,-0.9498,6,3,-5.6884,1.3437,1.0,True
21.558,-0.0103,-0.9618,6,3,-5.6884,1.3437,1.0,True
21.5663,0.0325,-1.0739,6,3,-5.6884,1.3437,1.0,True
21.574599999999997,-0.0098,-0.9846,6,3,-5.6884,1.3437,1.0,True
21.582900000000002,0.0085,-1.0323,6,3,-5.6884,1.3437,1.0,True
21.5914,-0.0085,-1.0024,6,3,-5.6884,1.3437,1.0,True
21.599600000000002,0.0024,-1.0551,6,3,-5.6884,1.3437,1.0,True
21.607999999999997,-0.0568,-1.0822,6,3,-5.6884,1.3437,1.0,True
21.616300000000003,-0.1072,-1.0516,6,3,-5.6884,1.3437,1.0,True
21.624499999999998,-0.0534,-1.0637,6,3,-5.6884,1.3437,1.0,True
21.6329,-0.15,-0.981,6,3,-5.6884,1.3437,1.0,True
21.641399999999997,-0.0573,-1.0215,6,3,-5.6884,1.3437,1.0,True
21.6496,-0.0835,-0.95,6,3,-5.6884,1.3437,1.0,True
21.657899999999998,-0.0235,-1.0656,6,3,-5.6884,1.3437,1.0,True
21.6663,-0.1246,-1.08,6,3,-5.6884,1.3437,1.0,True
21.674599999999998,0.0038,-1.0843,6,3,-5.6884,1.3437,1.0,True
21.682899999999997,-0.2001,-0.994,6,3,-5.6884,1.3437,1.0,True
21.6913,-0.0473,-0.9815,6,3,-5.6884,1.3437,1.0,True
21.699599999999997,-0.0363,-0.9377,6,3,-5.6884,1.3437,1.0,True
21.707900000000002,-0.1396,-0.9671,6,3,-5.6884,1.3437,1.0,True
21.716299999999997,-0.1061,-0.9122,6,3,-5.6884,1.3437,1.0,True
21.724600000000002,-0.124,-0.8967,6,3,-5.6884,1.3437,1.0,True
21.7329,-0.1526,-0.9569,6,3,-5.6884,1.3437,1.0,True
21.741300000000003,-0.0961,-1.0435,6,3,-5.6884,1.3437,1.0,True
21.749499999999998,-0.053,-0.9191,6,3,-5.6884,1.3437,1.0,True
21.7579,-0.2262,-0.889,6,3,-5.6884,1.3437,1.0,True
21.7663,-0.163,-1.0355,6,3,-5.6884,1.3437,1.0,True
21.774499999999996,-0.1661,-0.8654,6,3,-5.6884,1.3437,1.0,True
21.782899999999998,-0.0889,-1.0283,6,3,-5.6884,1.3437,1.0,True
21.791399999999996,-0.1369,-1.0486,6,3,-5.6884,1.3437,1.0,True
21.799599999999998,-0.034,-0.9679,6,3,-5.6884,1.3437,1.0,True
21.808,-0.1247,-0.9626,6,3,-5.6884,1.3437,1.0,True
21.8163,-0.0914,-0.9813,6,3,-5.6884,1.3437,1.0,True
21.8247,-0.1401,-0.9662,6,3,-5.6884,1.3437,1.0,True
21.832900000000002,-0.1621,-0.9177,6,3,-5.6884,1.3437,1.0,True
21.841299999999997,-0.2074,-0.8306,6,3,-5.6884,1.3437,1.0,True
21.8495,-0.2491,-0.8523,6,3,-5.6884,1.3437,1.0,True
21.8579,-0.1743,-0.8882,6,3,-5.6884,1.3437,1.0,True
21.866300000000003,-0.0818,-0.8398,6,3,-5.6884,1.3437,1.0,True
21.874499999999998,-0.1738,-0.9007,6,3,-5.6884,1.3437,1.0,True
21.883000000000003,-0.2215,-0.8592,6,3,-5.6884,1.3437,1.0,True
21.891399999999997,-0.092,-0.869,6,3,-5.6884,1.3437,1.0,True
21.8996,-0.0964,-0.7767,6,3,-5.6884,1.3437,1.0,True
21.908,0.0407,-0.8633,6,3,-5.6884,1.3437,1.0,True
22.7329,0.3911,0.125,-3,-3,-5.6884,1.3437,0.0,True
22.741300000000003,0.2397,0.2401,-3,-3,-5.6884,1.3437,0.0,True
22.7496,0.3172,0.3845,-3,-3,-5.6884,1.3437,0.0,True
22.7579,0.2773,0.1952,-3,-3,-5.6884,1.3437,0.0,True
22.766400000000004,0.2549,0.2716,-3,-3,-5.6884,1.3437,0.0,True
22.774500000000003,0.265,0.3261,-3,-3,-5.6884,1.3437,0.0,True
22.782899999999998,0.2139,0.2849,-3,-3,-5.6884,1.3437,0.0,True
22.7913,0.2927,0.2098,-3,-3,-5.6884,1.3437,0.0,True
22.799599999999998,0.2647,0.1931,-3,-3,-5.6884,1.3437,0.0,True
22.808,0.291,0.2097,-3,-3,-5.6884,1.3437,0.0,True
22.8163,0.3919,0.2532,-3,-3,-5.6884,1.3437,0.0,True
22.824600000000004,0.2559,0.3119,-3,-3,-5.6884,1.3437,0.0,True
22.832900000000002,0.3603,0.2051,-3,-3,-5.6884,1.3437,0.0,True
22.841300000000004,0.2447,0.1222,-3,-3,-5.6884,1.3437,0.0,True
22.8495,0.3333,0.3107,-3,-3,-5.6884,1.3437,0.0,True
22.858000000000004,0.407,0.226,-3,-3,-5.6884,1.3437,0.0,True
22.8664,0.3682,0.1542,-3,-3,-5.6884,1.3437,0.0,True
22.8746,0.3024,0.2643,-3,-3,-5.6884,1.3437,0.0,True
22.883000000000003,0.4149,0.168,-3,-3,-5.6884,1.3437,0.0,True
22.891199999999998,0.3597,0.1827,-3,-3,-5.6884,1.3437,0.0,True
22.899500000000003,0.2964,0.2089,-3,-3,-5.6884,1.3437,0.0,True
22.908,0.428,0.2128,-3,-3,-5.6884,1.3437,0.0,True
22.916200000000003,0.3998,0.2032,-3,-3,-5.6884,1.3437,0.0,True
22.924599999999998,0.3252,0.231,-3,-3,-5.6884,1.3437,0.0,True
22.932900000000004,0.2387,0.1993,-3,-3,-5.6884,1.3437,0.0,True
22.941200000000002,0.0172,0.0704,-3,-3,-5.6884,1.3437,0.0,True
22.949600000000004,0.2147,0.16,-3,-3,-5.6884,1.3437,0.0,True
22.958,0.1257,0.1235,-3,-3,-5.6884,1.3437,0.0,True
22.9662,0.1486,0.1506,-3,-3,-5.6884,1.3437,0.0,True
22.974600000000002,0.1573,0.2038,-3,-3,-5.6884,1.3437,0.0,True
22.9829,0.1271,0.0813,-3,-3,-5.6884,1.3437,0.0,True
22.9912,0.1532,0.1349,-3,-3,-5.6884,1.3437,0.0,True
22.999499999999998,0.0425,0.1701,-3,-3,-5.6884,1.3437,0.0,True
23.008000000000003,0.2113,0.1313,-3,-3,-5.6884,1.3437,0.0,True
23.016199999999998,0.131,0.2397,-3,-3,-5.6884,1.3437,0.0,True
23.024500000000003,0.3179,0.1692,-3,-3,-5.6884,1.3437,0.0,True
23.032899999999998,0.0421,0.1504,-3,-3,-5.6884,1.3437,0.0,True
23.041200000000003,0.0399,0.1714,-3,-3,-5.6884,1.3437,0.0,True
23.049500000000002,0.0709,0.1057,-3,-3,-5.6884,1.3437,0.0,True
23.058100000000003,0.1537,0.2265,-3,-3,-5.6884,1.3437,0.0,True
23.0663,0.0983,0.1396,-3,-3,-5.6884,1.3437,0.0,True
23.0745,0.2173,0.1859,-3,-3,-5.6884,1.3437,0.0,True
23.082900000000002,0.1308,0.11,-3,-3,-5.6884,1.3437,0.0,True
23.0912,-0.0052,0.1659,-3,-3,-5.6884,1.3437,0.0,True
23.099600000000002,0.0816,0.0513,-3,-3,-5.6884,1.3437,0.0,True
23.108000000000004,0.2999,0.3245,-3,-3,-5.6884,1.3437,0.0,True
23.1162,0.1048,-0.0701,-3,-3,-5.6884,1.3437,0.0,True
23.124499999999998,0.1936,0.3926,-3,-3,-5.6884,1.3437,0.0,True
23.1329,0.0947,0.1169,-3,-3,-5.6884,1.3437,0.0,True
23.141199999999998,0.0502,0.0999,-3,-3,-5.6884,1.3437,0.0,True
23.149500000000003,0.1113,0.0879,-3,-3,-5.6884,1.3437,0.0,True
23.157899999999998,0.1287,0.1881,-3,-3,-5.6884,1.3437,0.0,True
23.166200000000003,0.0996,0.2569,-3,-3,-5.6884,1.3437,0.0,True
23.174599999999998,0.0463,0.1646,-3,-3,-5.6884,1.3437,0.0,True
23.183,0.0332,0.2754,-3,-3,-5.6884,1.3437,0.0,True
23.1913,0.1365,0.1797,-3,-3,-5.6884,1.3437,0.0,True
23.199600000000004,0.0318,0.2656,-3,-3,-5.6884,1.3437,0.0,True
23.207900000000002,0.059,0.1671,-3,-3,-5.6884,1.3437,0.0,True
23.2162,0.2147,0.1472,-3,-3,-5.6884,1.3437,0.0,True
23.224600000000002,0.0979,0.0992,-3,-3,-5.6884,1.3437,0.0,True
23.2329,0.0776,0.2162,-3,-3,-5.6884,1.3437,0.0,True
23.2412,-0.0018,0.155,-3,-3,-5.6884,1.3437,0.0,True
23.249499999999998,0.0584,0.135,-3,-3,-5.6884,1.3437,0.0,True
23.2579,-0.0775,0.0808,-3,-3,-5.6884,1.3437,0.0,True
23.266199999999998,0.0119,0.2355,-3,-3,-5.6884,1.3437,0.0,True
23.274500000000003,0.0658,0.0972,-3,-3,-5.6884,1.3437,0.0,True
23.282899999999998,0.0794,0.2516,-3,-3,-5.6884,1.3437,0.0,True
23.291200000000003,0.0534,0.086,-3,-3,-5.6884,1.3437,0.0,True
23.299500000000002,-0.0058,0.1479,-3,-3,-5.6884,1.3437,0.0,True
23.307900000000004,0.0626,0.1235,-3,-3,-5.6884,1.3437,0.0,True
23.316200000000002,-0.0285,0.141,-3,-3,-5.6884,1.3437,0.0,True
23.324600000000004,0.0437,0.2902,-3,-3,-5.6884,1.3437,0.0,True
23.332900000000002,-0.1197,0.1736,-3,-3,-5.6884,1.3437,0.0,True
23.3412,-0.1052,0.2597,-3,-3,-5.6884,1.3437,0.0,True
23.349600000000002,0.0475,0.3304,-3,-3,-5.6884,1.3437,0.0,True
23.3579,0.0023,0.2794,-3,-3,-5.6884,1.3437,0.0,True
23.3662,-0.0901,0.3086,-3,-3,-5.6884,1.3437,0.0,True
23.3746,-0.1462,0.2689,-3,-3,-5.6884,1.3437,0.0,True
23.3829,-0.037,0.2983,-3,-3,-5.6884,1.3437,0.0,True
23.391199999999998,-0.0771,0.1862,-3,-3,-5.6884,1.3437,0.0,True
23.3996,-0.0402,0.2749,-3,-3,-5.6884,1.3437,0.0,True
23.408,-0.1551,0.2586,-3,-3,-5.6884,1.3437,0.0,True
23.416200000000003,-0.2898,0.1372,-3,-3,-5.6884,1.3437,0.0,True
23.424599999999998,-0.1961,0.1885,-3,-3,-5.6884,1.3437,0.0,True
23.432900000000004,-0.2768,0.2401,-3,-3,-5.6884,1.3437,0.0,True
23.441200000000002,-0.1792,0.4161,-3,-3,-5.6884,1.3437,0.0,True
23.4495,-0.2234,0.1992,-3,-3,-5.6884,1.3437,0.0,True
23.457900000000002,-0.0262,0.3339,-3,-3,-5.6884,1.3437,0.0,True
23.4662,-0.2015,0.3654,-3,-3,-5.6884,1.3437,0.0,True
23.474600000000002,-0.1857,0.3126,-3,-3,-5.6884,1.3437,0.0,True
23.4829,-0.1837,0.3532,-3,-3,-5.6884,1.3437,0.0,True
23.4912,-0.1205,0.3169,-3,-3,-5.6884,1.3437,0.0,True
23.499499999999998,-0.0523,0.2955,-3,-3,-5.6884,1.3437,0.0,True
23.5079,-0.2348,0.4789,-3,-3,-5.6884,1.3437,0.0,True
23.516199999999998,-0.1463,0.2827,-3,-3,-5.6884,1.3437,0.0,True
23.5246,-0.0295,0.3902,-3,-3,-5.6884,1.3437,0.0,True
23.532899999999998,-0.121,0.3816,-3,-3,-5.6884,1.3437,0.0,True
23.541200000000003,-0.0882,0.401,-3,-3,-5.6884,1.3437,0.0,True
23.549500000000002,-0.0126,0.4843,-3,-3,-5.6884,1.3437,0.0,True
23.557900000000004,-0.0051,0.4496,-3,-3,-5.6884,1.3437,0.0,True
23.566200000000002,-0.0899,0.4892,-3,-3,-5.6884,1.3437,0.0,True
23.574600000000004,0.0522,0.4159,-3,-3,-5.6884,1.3437,0.0,True
23.582900000000002,-0.0164,0.539,-3,-3,-5.6884,1.3437,0.0,True
23.5912,-0.1428,0.5095,-3,-3,-5.6884,1.3437,0.0,True
23.599600000000002,-0.034,0.3864,-3,-3,-5.6884,1.3437,0.0,True
23.6079,-0.0282,0.4294,-3,-3,-5.6884,1.3437,0.0,True
23.6162,-0.1763,0.5157,-3,-3,-5.6884,1.3437,0.0,True
23.6246,-0.135,0.5128,-3,-3,-5.6884,1.3437,0.0,True
23.6329,-0.0931,0.635,-3,-3,-5.6884,1.3437,0.0,True
23.641199999999998,-0.0404,0.7001,-3,-3,-5.6884,1.3437,0.0,True
23.649500000000003,-0.0565,0.6508,-3,-3,-5.6884,1.3437,0.0,True
23.657899999999998,-0.1339,0.6587,-3,-3,-5.6884,1.3437,0.0,True
23.666200000000003,-0.1118,0.7252,-3,-3,-5.6884,1.3437,0.0,True
23.674599999999998,-0.2583,0.6204,-3,-3,-5.6884,1.3437,0.0,True
23.682900000000004,-0.2344,0.5885,-3,-3,-5.6884,1.3437,0.0,True
23.691200000000002,-0.3215,0.4259,-3,-3,-5.6884,1.3437,0.0,True
23.6995,-0.2739,0.425,-3,-3,-5.6884,1.3437,0.0,True
23.707900000000002,-0.3321,0.3443,-3,-3,-5.6884,1.3437,0.0,True
23.7162,-0.1817,0.4682,-3,-3,-5.6884,1.3437,0.0,True
23.7245,-0.2196,0.2702,-3,-3,-5.6884,1.3437,0.0,True
23.7329,0.0892,0.4904,-3,-3,-5.6884,1.3437,0.0,True
23.7412,-0.1818,0.4335,-3,-3,-5.6884,1.3437,0.0,True
23.7496,-0.1686,0.3804,-3,-3,-5.6884,1.3437,0.0,True
23.7579,-0.1566,0.2916,-3,-3,-5.6884,1.3437,0.0,True
23.766199999999998,-0.2441,0.5819,-3,-3,-5.6884,1.3437,0.0,True
23.774500000000003,-0.225,0.4223,-3,-3,-5.6884,1.3437,0.0,True
23.783,-0.2228,0.4266,-3,-3,-5.6884,1.3437,0.0,True
23.791200000000003,-0.1781,0.3993,-3,-3,-5.6884,1.3437,0.0,True
23.799599999999998,-0.1269,0.4656,-3,-3,-5.6884,1.3437,0.0,True
23.807900000000004,-0.2755,0.4251,-3,-3,-5.6884,1.3437,0.0,True
23.816200000000002,-0.076,0.3617,-3,-3,-5.6884,1.3437,0.0,True
23.8245,-0.3706,0.3849,-3,-3,-5.6884,1.3437,0.0,True
23.833,-0.0382,0.3447,-3,-3,-5.6884,1.3437,0.0,True
23.8412,0.0288,0.5458,-3,-3,-5.6884,1.3437,0.0,True
23.849600000000002,-0.071,0.6056,-3,-3,-5.6884,1.3437,0.0,True
23.8579,-0.0428,0.5004,-3,-3,-5.6884,1.3437,0.0,True
23.8662,-0.0393,0.5186,-3,-3,-5.6884,1.3437,0.0,True
23.8746,0.0497,0.3489,-3,-3,-5.6884,1.3437,0.0,True
23.8829,-0.074,0.4346,-3,-3,-5.6884,1.3437,0.0,True
23.891199999999998,-0.0147,0.4339,-3,-3,-5.6884,1.3437,0.0,True
23.8996,-0.0871,0.5311,-3,-3,-5.6884,1.3437,0.0,True
23.908,-0.0836,0.4804,-3,-3,-5.6884,1.3437,0.0,True
23.916200000000003,-0.0319,0.6811,-3,-3,-5.6884,1.3437,0.0,True
23.924599999999998,-0.0363,0.5747,-3,-3,-5.6884,1.3437,0.0,True
23.932900000000004,0.025,0.5223,-3,-3,-5.6884,1.3437,0.0,True
23.941200000000002,-0.0378,0.4783,-3,-3,-5.6884,1.3437,0.0,True
23.949600000000004,0.0027,0.4409,-3,-3,-5.6884,1.3437,0.0,True
23.957900000000002,-0.1719,0.66,-3,-3,-5.6884,1.3437,0.0,True
23.9662,-0.0378,0.5598,-3,-3,-5.6884,1.3437,0.0,True
23.974600000000002,0.0483,0.7077,-3,-3,-5.6884,1.3437,0.0,True
23.9829,0.0017,0.5519,-3,-3,-5.6884,1.3437,0.0,True
23.9912,0.0494,0.5519,-3,-3,-5.6884,1.3437,0.0,True
23.9996,-0.0377,0.6016,-3,-3,-5.6884,1.3437,0.0,True
24.0079,-0.083,0.5923,-3,-3,-5.6884,1.3437,0.0,True
24.016199999999998,-0.0699,0.4623,-3,-3,-5.6884,1.3437,0.0,True
24.0246,0.0395,0.4811,-3,-3,-5.6884,1.3437,0.0,True
24.849600000000002,-0.0388,-0.2498,-3,6,-5.6884,1.3437,0.0,True
24.8579,-0.2163,-0.2655,-3,6,-5.6884,1.3437,0.0,True
24.8662,-0.1544,-0.2825,-3,6,-5.6884,1.3437,0.0,True
24.8746,-0.2254,-0.1695,-3,6,-5.6884,1.3437,0.0,True
24.8829,-0.1901,-0.3359,-3,6,-5.6884,1.3437,0.0,True
24.891199999999998,-0.2046,-0.2891,-3,6,-5.6884,1.3437,0.0,True
24.8996,-0.1444,-0.2955,-3,6,-5.6884,1.3437,0.0,True
24.907899999999998,-0.1167,-0.385,-3,6,-5.6884,1.3437,0.0,True
24.916200000000003,-0.1625,-0.1896,-3,6,-5.6884,1.3437,0.0,True
24.924599999999998,-0.2133,-0.3001,-3,6,-5.6884,1.3437,0.0,True
24.932900000000004,-0.1147,-0.2589,-3,6,-5.6884,1.3437,0.0,True
24.941200000000002,-0.0566,-0.2277,-3,6,-5.6884,1.3437,0.0,True
24.9495,-0.1108,-0.2763,-3,6,-5.6884,1.3437,0.0,True
24.957900000000002,-0.1805,-0.4063,-3,6,-5.6884,1.3437,0.0,True
24.9662,-0.2101,-0.3282,-3,6,-5.6884,1.3437,0.0,True
24.974600000000002,-0.1737,-0.364,-3,6,-5.6884,1.3437,0.0,True
24.9829,-0.1349,-0.3924,-3,6,-5.6884,1.3437,0.0,True
24.9912,-0.1947,-0.4094,-3,6,-5.6884,1.3437,0.0,True
24.9996,-0.2639,-0.4707,-3,6,-5.6884,1.3437,0.0,True
25.0079,-0.199,-0.2947,-3,6,-5.6884,1.3437,0.0,True
25.016199999999998,-0.2272,-0.3148,-3,6,-5.6884,1.3437,0.0,True
25.0246,-0.2141,-0.2411,-3,6,-5.6884,1.3437,0.0,True
25.032899999999998,-0.2162,-0.3146,-3,6,-5.6884,1.3437,0.0,True
25.041200000000003,-0.2106,-0.3752,-3,6,-5.6884,1.3437,0.0,True
25.049500000000002,-0.185,-0.277,-3,6,-5.6884,1.3437,0.0,True
25.057900000000004,-0.1467,-0.2666,-3,6,-5.6884,1.3437,0.0,True
25.066200000000002,-0.1058,-0.2446,-3,6,-5.6884,1.3437,0.0,True
25.074600000000004,-0.1912,-0.2936,-3,6,-5.6884,1.3437,0.0,True
25.082900000000002,-0.1674,-0.3754,-3,6,-5.6884,1.3437,0.0,True
25.0912,-0.2896,-0.3539,-3,6,-5.6884,1.3437,0.0,True
25.0995,-0.4135,-0.3618,-3,6,-5.6884,1.3437,0.0,True
25.1079,-0.5587,-0.2983,-3,6,-5.6884,1.3437,0.0,True
25.1162,-0.6584,-0.3759,-3,6,-5.6884,1.3437,0.0,True
25.1246,-0.5825,-0.3098,-3,6,-5.6884,1.3437,0.0,True
25.133000000000003,-0.2615,-0.246,-3,6,-5.6884,1.3437,0.0,True
25.141199999999998,-0.6067,-0.2926,-3,6,-5.6884,1.3437,0.0,True
25.149500000000003,-0.6496,-0.2807,-3,6,-5.6884,1.3437,0.0,True
25.158,-0.5907,-0.3756,-3,6,-5.6884,1.3437,0.0,True
25.166200000000003,-0.5363,-0.3228,-3,6,-5.6884,1.3437,0.0,True
25.174500000000002,-0.6663,-0.3347,-3,6,-5.6884,1.3437,0.0,True
25.182900000000004,-0.5851,-0.3426,-3,6,-5.6884,1.3437,0.0,True
25.191200000000002,-0.4926,-0.3193,-3,6,-5.6884,1.3437,0.0,True
25.1995,-0.678,-0.2705,-3,6,-5.6884,1.3437,0.0,True
25.207900000000002,-0.5085,-0.3943,-3,6,-5.6884,1.3437,0.0,True
25.2162,-0.3553,-0.2674,-3,6,-5.6884,1.3437,0.0,True
25.224600000000002,-0.4332,-0.3015,-3,6,-5.6884,1.3437,0.0,True
25.2329,-0.5349,-0.3448,-3,6,-5.6884,1.3437,0.0,True
25.2412,-0.5414,-0.2925,-3,6,-5.6884,1.3437,0.0,True
25.249499999999998,-0.5349,-0.3035,-3,6,-5.6884,1.3437,0.0,True
25.258000000000003,-0.5418,-0.3047,-3,6,-5.6884,1.3437,0.0,True
25.266199999999998,-0.6264,-0.1674,-3,6,-5.6884,1.3437,0.0,True
25.274500000000003,-0.6212,-0.2259,-3,6,-5.6884,1.3437,0.0,True
25.283,-0.4649,-0.2853,-3,6,-5.6884,1.3437,0.0,True
25.291200000000003,-0.6039,-0.32,-3,6,-5.6884,1.3437,0.0,True
25.299500000000002,-0.528,-0.2089,-3,6,-5.6884,1.3437,0.0,True
25.308,-0.5279,-0.3393,-3,6,-5.6884,1.3437,0.0,True
25.316200000000002,-0.5336,-0.2951,-3,6,-5.6884,1.3437,0.0,True
25.3245,-0.4572,-0.3169,-3,6,-5.6884,1.3437,0.0,True
25.332900000000002,-0.4033,-0.29,-3,6,-5.6884,1.3437,0.0,True
25.3412,-0.4816,-0.3145,-3,6,-5.6884,1.3437,0.0,True
25.3495,-0.4453,-0.2535,-3,6,-5.6884,1.3437,0.0,True
25.358000000000004,-0.6216,-0.212,-3,6,-5.6884,1.3437,0.0,True
25.3662,-0.5103,-0.3841,-3,6,-5.6884,1.3437,0.0,True
25.374499999999998,-0.5754,-0.3349,-3,6,-5.6884,1.3437,0.0,True
25.3829,-0.5954,-0.4284,-3,6,-5.6884,1.3437,0.0,True
25.391199999999998,-0.4709,-0.3676,-3,6,-5.6884,1.3437,0.0,True
25.399500000000003,-0.4423,-0.4877,-3,6,-5.6884,1.3437,0.0,True
25.407899999999998,-0.7103,-0.4202,-3,6,-5.6884,1.3437,0.0,True
25.416200000000003,-0.6268,-0.4463,-3,6,-5.6884,1.3437,0.0,True
25.424599999999998,-0.6024,-0.3941,-3,6,-5.6884,1.3437,0.0,True
25.432900000000004,-0.5741,-0.4125,-3,6,-5.6884,1.3437,0.0,True
25.441200000000002,-0.6106,-0.3529,-3,6,-5.6884,1.3437,0.0,True
25.4497,-0.4837,-0.3746,-3,6,-5.6884,1.3437,0.0,True
25.458,-0.5756,-0.39,-3,6,-5.6884,1.3437,0.0,True
25.4662,-0.5402,-0.3974,-3,6,-5.6884,1.3437,0.0,True
25.474600000000002,-0.6104,-0.4158,-3,6,-5.6884,1.3437,0.0,True
25.4829,-0.4976,-0.4037,-3,6,-5.6884,1.3437,0.0,True
25.4912,-0.4769,-0.3098,-3,6,-5.6884,1.3437,0.0,True
25.499499999999998,-0.607,-0.4386,-3,6,-5.6884,1.3437,0.0,True
25.5079,-0.5317,-0.2882,-3,6,-5.6884,1.3437,0.0,True
25.516199999999998,-0.5759,-0.3638,-3,6,-5.6884,1.3437,0.0,True
25.5246,-0.6344,-0.3567,-3,6,-5.6884,1.3437,0.0,True
25.532899999999998,-0.6174,-0.414,-3,6,-5.6884,1.3437,0.0,True
25.541200000000003,-0.6031,-0.4414,-3,6,-5.6884,1.3437,0.0,True
25.549500000000002,-0.5752,-0.3603,-3,6,-5.6884,1.3437,0.0,True
25.557900000000004,-0.5544,-0.4451,-3,6,-5.6884,1.3437,0.0,True
25.566200000000002,-0.7103,-0.4802,-3,6,-5.6884,1.3437,0.0,True
25.574600000000004,-0.5566,-0.496,-3,6,-5.6884,1.3437,0.0,True
25.582900000000002,-0.5762,-0.4657,-3,6,-5.6884,1.3437,0.0,True
25.5912,-0.5325,-0.4478,-3,6,-5.6884,1.3437,0.0,True
25.5995,-0.6551,-0.484,-3,6,-5.6884,1.3437,0.0,True
25.608000000000004,-0.627,-0.367,-3,6,-5.6884,1.3437,0.0,True
25.6162,-0.5834,-0.4636,-3,6,-5.6884,1.3437,0.0,True
25.624499999999998,-0.6301,-0.5012,-3,6,-5.6884,1.3437,0.0,True
25.633000000000003,-0.6261,-0.4456,-3,6,-5.6884,1.3437,0.0,True
25.641199999999998,-0.6982,-0.4844,-3,6,-5.6884,1.3437,0.0,True
25.649500000000003,-0.5981,-0.4782,-3,6,-5.6884,1.3437,0.0,True
25.657899999999998,-0.5625,-0.4696,-3,6,-5.6884,1.3437,0.0,True
25.666200000000003,-0.7578,-0.4928,-3,6,-5.6884,1.3437,0.0,True
25.674599999999998,-0.6217,-0.4288,-3,6,-5.6884,1.3437,0.0,True
25.683,-0.7413,-0.4474,-3,6,-5.6884,1.3437,0.0,True
25.691200000000002,-0.7849,-0.404,-3,6,-5.6884,1.3437,0.0,True
25.6995,-0.5931,-0.3766,-3,6,-5.6884,1.3437,0.0,True
25.708,-0.5742,-0.3877,-3,6,-5.6884,1.3437,0.0,True
25.7162,-0.6431,-0.3684,-3,6,-5.6884,1.3437,0.0,True
25.724600000000002,-0.626,-0.4332,-3,6,-5.6884,1.3437,0.0,True
25.7329,-0.5857,-0.4753,-3,6,-5.6884,1.3437,0.0,True
25.7412,-0.6458,-0.4276,-3,6,-5.6884,1.3437,0.0,True
25.749499999999998,-0.7209,-0.4013,-3,6,-5.6884,1.3437,0.0,True
25.7579,-0.6149,-0.4471,-3,6,-5.6884,1.3437,0.0,True
25.766199999999998,-0.6581,-0.436,-3,6,-5.6884,1.3437,0.0,True
25.7746,-0.5761,-0.489,-3,6,-5.6884,1.3437,0.0,True
25.782899999999998,-0.5338,-0.4776,-3,6,-5.6884,1.3437,0.0,True
25.791200000000003,-0.6512,-0.3556,-3,6,-5.6884,1.3437,0.0,True
25.799500000000002,-0.7353,-0.4668,-3,6,-5.6884,1.3437,0.0,True
25.807900000000004,-0.5847,-0.4653,-3,6,-5.6884,1.3437,0.0,True
26.6329,0.1826,-0.4759,3,3,-5.6884,1.3437,0.0,True
26.641199999999998,0.0862,-0.4918,3,3,-5.6884,1.3437,0.0,True
26.649500000000003,0.0778,-0.4179,3,3,-5.6884,1.3437,0.0,True
26.658,0.0377,-0.5463,3,3,-5.6884,1.3437,0.0,True
26.666200000000003,0.1123,-0.528,3,3,-5.6884,1.3437,0.0,True
26.674599999999998,0.1141,-0.5472,3,3,-5.6884,1.3437,0.0,True
26.682900000000004,-0.0202,-0.5403,3,3,-5.6884,1.3437,0.0,True
26.691200000000002,0.2334,-0.561,3,3,-5.6884,1.3437,0.0,True
26.6995,0.2353,-0.5416,3,3,-5.6884,1.3437,0.0,True
26.708,0.2196,-0.5229,3,3,-5.6884,1.3437,0.0,True
26.7162,0.2503,-0.3541,3,3,-5.6884,1.3437,0.0,True
26.724600000000002,0.0896,-0.4173,3,3,-5.6884,1.3437,0.0,True
26.7329,0.0688,-0.4318,3,3,-5.6884,1.3437,0.0,True
26.7412,0.1087,-0.3641,3,3,-5.6884,1.3437,0.0,True
26.7496,0.1119,-0.5015,3,3,-5.6884,1.3437,0.0,True
26.758000000000003,0.037,-0.4066,3,3,-5.6884,1.3437,0.0,True
26.766199999999998,0.2787,-0.3497,3,3,-5.6884,1.3437,0.0,True
26.7746,0.2219,-0.4,3,3,-5.6884,1.3437,0.0,True
26.782899999999998,0.2236,-0.5243,3,3,-5.6884,1.3437,0.0,True
26.791200000000003,0.0464,-0.4161,3,3,-5.6884,1.3437,0.0,True
26.799599999999998,0.1071,-0.4251,3,3,-5.6884,1.3437,0.0,True
26.808,0.1918,-0.5016,3,3,-5.6884,1.3437,0.0,True
26.816200000000002,0.1393,-0.4252,3,3,-5.6884,1.3437,0.0,True
26.824600000000004,0.2162,-0.4477,3,3,-5.6884,1.3437,0.0,True
26.832900000000002,0.089,-0.4275,3,3,-5.6884,1.3437,0.0,True
26.8412,0.2232,-0.405,3,3,-5.6884,1.3437,0.0,True
26.849600000000002,0.2098,-0.5539,3,3,-5.6884,1.3437,0.0,True
26.8579,0.0778,-0.4448,3,3,-5.6884,1.3437,0.0,True
26.8662,-0.0831,-0.4764,3,3,-5.6884,1.3437,0.0,True
26.8746,-0.04,-0.4602,3,3,-5.6884,1.3437,0.0,True
26.883000000000003,0.1577,-0.5481,3,3,-5.6884,1.3437,0.0,True
26.891199999999998,0.0116,-0.5138,3,3,-5.6884,1.3437,0.0,True
26.8998,-0.0055,-0.4425,3,3,-5.6884,1.3437,0.0,True
26.908,-0.0552,-0.4346,3,3,-5.6884,1.3437,0.0,True
26.916200000000003,-0.0116,-0.4527,3,3,-5.6884,1.3437,0.0,True
26.924599999999998,0.0693,-0.4488,3,3,-5.6884,1.3437,0.0,True
26.932900000000004,0.034,-0.3715,3,3,-5.6884,1.3437,0.0,True
26.941200000000002,0.1261,-0.5558,3,3,-5.6884,1.3437,0.0,True
26.949600000000004,0.0911,-0.563,3,3,-5.6884,1.3437,0.0,True
26.958,0.0232,-0.5721,3,3,-5.6884,1.3437,0.0,True
26.9662,0.0821,-0.4805,3,3,-5.6884,1.3437,0.0,True
26.974600000000002,0.0022,-0.3953,3,3,-5.6884,1.3437,0.0,True
26.983000000000004,-0.0249,-0.4223,3,3,-5.6884,1.3437,0.0,True
26.9912,0.0744,-0.4838,3,3,-5.6884,1.3437,0.0,True
26.999499999999998,-0.0364,-0.4216,3,3,-5.6884,1.3437,0.0,True
27.008000000000003,0.1719,-0.3737,3,3,-5.6884,1.3437,0.0,True
27.016199999999998,0.0164,-0.4398,3,3,-5.6884,1.3437,0.0,True
27.0246,0.0882,-0.5067,3,3,-5.6884,1.3437,0.0,True
27.032899999999998,0.1681,-0.4102,3,3,-5.6884,1.3437,0.0,True
27.041200000000003,0.0551,-0.6056,3,3,-5.6884,1.3437,0.0,True
27.049500000000002,-0.0112,-0.3687,3,3,-5.6884,1.3437,0.0,True
27.058,0.0878,-0.35,3,3,-5.6884,1.3437,0.0,True
27.066200000000002,0.0112,-0.4886,3,3,-5.6884,1.3437,0.0,True
27.074600000000004,0.0605,-0.3965,3,3,-5.6884,1.3437,0.0,True
27.082900000000002,0.0942,-0.3813,3,3,-5.6884,1.3437,0.0,True
27.0912,-0.0002,-0.3171,3,3,-5.6884,1.3437,0.0,True
27.099600000000002,0.1325,-0.3727,3,3,-5.6884,1.3437,0.0,True
27.108000000000004,0.0352,-0.2933,3,3,-5.6884,1.3437,0.0,True
27.1162,0.0502,-0.4029,3,3,-5.6884,1.3437,0.0,True
27.1246,-0.0761,-0.3741,3,3,-5.6884,1.3437,0.0,True
27.1329,-0.0153,-0.4441,3,3,-5.6884,1.3437,0.0,True
27.141199999999998,-0.0363,-0.3353,3,3,-5.6884,1.3437,0.0,True
27.1496,0.0166,-0.381,3,3,-5.6884,1.3437,0.0,True
27.158,-0.0191,-0.3322,3,3,-5.6884,1.3437,0.0,True
27.166200000000003,0.1421,-0.3483,3,3,-5.6884,1.3437,0.0,True
27.174599999999998,-0.0395,-0.4284,3,3,-5.6884,1.3437,0.0,True
27.182900000000004,-0.006,-0.3262,3,3,-5.6884,1.3437,0.0,True
27.191200000000002,0.0488,-0.3622,3,3,-5.6884,1.3437,0.0,True
27.199600000000004,0.0459,-0.3601,3,3,-5.6884,1.3437,0.0,True
27.208,0.0102,-0.3168,3,3,-5.6884,1.3437,0.0,True
27.2162,-0.0457,-0.3694,3,3,-5.6884,1.3437,0.0,True
27.224600000000002,0.0216,-0.3388,3,3,-5.6884,1.3437,0.0,True
27.2329,-0.1384,-0.3771,3,3,-5.6884,1.3437,0.0,True
27.2412,-0.056,-0.2748,3,3,-5.6884,1.3437,0.0,True
27.2496,-0.0354,-0.316,3,3,-5.6884,1.3437,0.0,True
27.258000000000003,-0.0298,-0.3115,3,3,-5.6884,1.3437,0.0,True
27.266199999999998,-0.0199,-0.3315,3,3,-5.6884,1.3437,0.0,True
27.2746,0.027,-0.3953,3,3,-5.6884,1.3437,0.0,True
27.282899999999998,-0.0359,-0.3288,3,3,-5.6884,1.3437,0.0,True
27.291200000000003,-0.023,-0.3417,3,3,-5.6884,1.3437,0.0,True
27.299500000000002,-0.0975,-0.3977,3,3,-5.6884,1.3437,0.0,True
27.308,-0.0634,-0.2515,3,3,-5.6884,1.3437,0.0,True
27.316200000000002,-0.0595,-0.2873,3,3,-5.6884,1.3437,0.0,True
27.3245,-0.1193,-0.3211,3,3,-5.6884,1.3437,0.0,True
27.332900000000002,-0.0841,-0.2597,3,3,-5.6884,1.3437,0.0,True
27.3412,-0.1254,-0.3917,3,3,-5.6884,1.3437,0.0,True
27.349600000000002,-0.0685,-0.318,3,3,-5.6884,1.3437,0.0,True
27.358000000000004,-0.0608,-0.3412,3,3,-5.6884,1.3437,0.0,True
27.3662,-0.1477,-0.2366,3,3,-5.6884,1.3437,0.0,True
27.374499999999998,-0.0976,-0.2721,3,3,-5.6884,1.3437,0.0,True
27.3829,-0.1332,-0.2327,3,3,-5.6884,1.3437,0.0,True
27.391199999999998,-0.1008,-0.2708,3,3,-5.6884,1.3437,0.0,True
27.3996,-0.0605,-0.2658,3,3,-5.6884,1.3437,0.0,True
27.408,-0.1059,-0.207,3,3,-5.6884,1.3437,0.0,True
27.416200000000003,-0.1051,-0.2764,3,3,-5.6884,1.3437,0.0,True
27.424599999999998,-0.1012,-0.1885,3,3,-5.6884,1.3437,0.0,True
27.432900000000004,-0.0664,-0.2029,3,3,-5.6884,1.3437,0.0,True
27.441200000000002,-0.043,-0.2394,3,3,-5.6884,1.3437,0.0,True
27.449600000000004,-0.082,-0.1437,3,3,-5.6884,1.3437,0.0,True
27.457900000000002,-0.105,-0.1811,3,3,-5.6884,1.3437,0.0,True
27.4662,0.0322,-0.2537,3,3,-5.6884,1.3437,0.0,True
27.474600000000002,-0.1372,-0.0867,3,3,-5.6884,1.3437,0.0,True
27.4829,-0.0999,-0.1656,3,3,-5.6884,1.3437,0.0,True
27.4912,-0.0797,-0.3402,3,3,-5.6884,1.3437,0.0,True
27.499499999999998,-0.0678,-0.2968,3,3,-5.6884,1.3437,0.0,True
27.5079,-0.076,-0.1621,3,3,-5.6884,1.3437,0.0,True
27.516199999999998,0.0358,-0.2237,3,3,-5.6884,1.3437,0.0,True
27.5246,-0.005,-0.2398,3,3,-5.6884,1.3437,0.0,True
27.532899999999998,-0.0261,-0.1393,3,3,-5.6884,1.3437,0.0,True
27.541200000000003,-0.0789,-0.3765,3,3,-5.6884,1.3437,0.0,True
27.549500000000002,0.014,-0.2462,3,3,-5.6884,1.3437,0.0,True
27.557900000000004,-0.0514,-0.193,3,3,-5.6884,1.3437,0.0,True
27.566200000000002,0.0093,-0.2363,3,3,-5.6884,1.3437,0.0,True
27.574600000000004,-0.0362,-0.1135,3,3,-5.6884,1.3437,0.0,True
27.582900000000002,0.0159,-0.2693,3,3,-5.6884,1.3437,0.0,True
27.5912,-0.0057,-0.1512,3,3,-5.6884,1.3437,0.0,True
27.599600000000002,-0.022,-0.3122,3,3,-5.6884,1.3437,0.0,True
27.608000000000004,-0.0366,-0.2989,3,3,-5.6884,1.3437,0.0,True
27.6162,0.0883,-0.3103,3,3,-5.6884,1.3437,0.0,True
27.624499999999998,0.0116,-0.2763,3,3,-5.6884,1.3437,0.0,True
27.6329,-0.0195,-0.3346,3,3,-5.6884,1.3437,0.0,True
27.641199999999998,-0.1658,-0.2845,3,3,-5.6884,1.3437,0.0,True
27.6496,-0.0278,-0.2895,3,3,-5.6884,1.3437,0.0,True
27.658,0.059,-0.3341,3,3,-5.6884,1.3437,0.0,True
27.666200000000003,0.0572,-0.3764,3,3,-5.6884,1.3437,0.0,True
27.674500000000002,0.0256,-0.3021,3,3,-5.6884,1.3437,0.0,True
27.682900000000004,0.0551,-0.3449,3,3,-5.6884,1.3437,0.0,True
27.691200000000002,0.0394,-0.3842,3,3,-5.6884,1.3437,0.0,True
27.699600000000004,0.2373,-0.1216,3,3,-5.6884,1.3437,0.0,True
28.524500000000003,-0.0734,-0.3741,0,3,-5.6884,1.3437,0.0,True
28.5328,-0.0755,-0.2576,0,3,-5.6884,1.3437,0.0,True
28.541200000000003,-0.0883,-0.2862,0,3,-5.6884,1.3437,0.0,True
28.549500000000002,-0.073,-0.3281,0,3,-5.6884,1.3437,0.0,True
28.557900000000004,-0.0225,-0.2623,0,3,-5.6884,1.3437,0.0,True
28.566200000000002,-0.1075,-0.3487,0,3,-5.6884,1.3437,0.0,True
28.574600000000004,-0.1273,-0.348,0,3,-5.6884,1.3437,0.0,True
28.5828,-0.1462,-0.2765,0,3,-5.6884,1.3437,0.0,True
28.5912,-0.1348,-0.3169,0,3,-5.6884,1.3437,0.0,True
28.5995,-0.0719,-0.3623,0,3,-5.6884,1.3437,0.0,True
28.607799999999997,-0.1786,-0.2966,0,3,-5.6884,1.3437,0.0,True
28.6162,-0.1021,-0.3236,0,3,-5.6884,1.3437,0.0,True
28.624499999999998,-0.0843,-0.37,0,3,-5.6884,1.3437,0.0,True
28.632800000000003,-0.1255,-0.2976,0,3,-5.6884,1.3437,0.0,True
28.641199999999998,-0.1568,-0.3231,0,3,-5.6884,1.3437,0.0,True
28.649500000000003,-0.0482,-0.2674,0,3,-5.6884,1.3437,0.0,True
28.657899999999998,0.0512,-0.3331,0,3,-5.6884,1.3437,0.0,True
28.666200000000003,-0.0992,-0.3251,0,3,-5.6884,1.3437,0.0,True
28.674500000000002,0.017,-0.2213,0,3,-5.6884,1.3437,0.0,True
28.682900000000004,-0.0455,-0.2218,0,3,-5.6884,1.3437,0.0,True
28.691200000000002,-0.049,-0.3169,0,3,-5.6884,1.3437,0.0,True
28.6995,0.0537,-0.1517,0,3,-5.6884,1.3437,0.0,True
28.707900000000002,-0.0971,-0.2954,0,3,-5.6884,1.3437,0.0,True
28.7162,0.0316,-0.4324,0,3,-5.6884,1.3437,0.0,True
28.7245,-0.0544,-0.3796,0,3,-5.6884,1.3437,0.0,True
28.732799999999997,-0.1739,-0.2448,0,3,-5.6884,1.3437,0.0,True
28.7412,-0.1269,-0.3622,0,3,-5.6884,1.3437,0.0,True
28.749499999999998,-0.027,-0.2018,0,3,-5.6884,1.3437,0.0,True
28.7579,-0.0797,-0.242,0,3,-5.6884,1.3437,0.0,True
28.766199999999998,-0.0378,-0.209,0,3,-5.6884,1.3437,0.0,True
28.774700000000003,-0.0871,-0.1265,0,3,-5.6884,1.3437,0.0,True
28.7828,-0.0922,-0.2128,0,3,-5.6884,1.3437,0.0,True
28.791200000000003,-0.0641,-0.2087,0,3,-5.6884,1.3437,0.0,True
28.799500000000002,-0.0187,-0.2121,0,3,-5.6884,1.3437,0.0,True
28.8078,-0.0884,-0.1784,0,3,-5.6884,1.3437,0.0,True
28.8164,-0.0943,-0.1869,0,3,-5.6884,1.3437,0.0,True
28.8245,-0.1324,-0.1548,0,3,-5.6884,1.3437,0.0,True
28.8328,-0.1601,-0.2106,0,3,-5.6884,1.3437,0.0,True
28.8412,-0.0785,-0.1335,0,3,-5.6884,1.3437,0.0,True
28.8497,-0.1279,-0.2049,0,3,-5.6884,1.3437,0.0,True
28.8579,-0.1195,-0.2464,0,3,-5.6884,1.3437,0.0,True
28.8662,-0.2141,-0.1165,0,3,-5.6884,1.3437,0.0,True
28.874499999999998,-0.1511,-0.2111,0,3,-5.6884,1.3437,0.0,True
28.882800000000003,-0.1602,-0.1858,0,3,-5.6884,1.3437,0.0,True
28.891199999999998,-0.223,-0.1779,0,3,-5.6884,1.3437,0.0,True
28.8996,-0.0632,-0.2174,0,3,-5.6884,1.3437,0.0,True
28.9078,-0.1414,-0.3817,0,3,-5.6884,1.3437,0.0,True
28.916200000000003,-0.0623,-0.1714,0,3,-5.6884,1.3437,0.0,True
28.924500000000002,-0.0355,-0.367,0,3,-5.6884,1.3437,0.0,True
28.9328,-0.173,-0.227,0,3,-5.6884,1.3437,0.0,True
28.941200000000002,-0.3811,-0.1173,0,3,-5.6884,1.3437,0.0,True
28.9495,-0.5008,-0.0625,0,3,-5.6884,1.3437,0.0,True
28.9578,-0.2614,-0.0646,0,3,-5.6884,1.3437,0.0,True
28.966300000000004,-0.1813,-0.1278,0,3,-5.6884,1.3437,0.0,True
28.9745,-0.4029,-0.1052,0,3,-5.6884,1.3437,0.0,True
28.982799999999997,-0.3524,-0.0118,0,3,-5.6884,1.3437,0.0,True
28.9912,-0.299,-0.1719,0,3,-5.6884,1.3437,0.0,True
28.999499999999998,-0.2469,-0.2346,0,3,-5.6884,1.3437,0.0,True
29.007800000000003,-0.2673,-0.2249,0,3,-5.6884,1.3437,0.0,True
29.0163,-0.3346,-0.1131,0,3,-5.6884,1.3437,0.0,True
29.024500000000003,-0.3515,-0.0456,0,3,-5.6884,1.3437,0.0,True
29.032899999999998,-0.4936,0.09,0,3,-5.6884,1.3437,0.0,True
29.041200000000003,-0.4355,-0.0354,0,3,-5.6884,1.3437,0.0,True
29.049500000000002,-0.5953,-0.1436,0,3,-5.6884,1.3437,0.0,True
29.0578,-0.4515,-0.0729,0,3,-5.6884,1.3437,0.0,True
29.066200000000002,-0.621,0.0531,0,3,-5.6884,1.3437,0.0,True
29.074600000000004,-0.6342,-0.0436,0,3,-5.6884,1.3437,0.0,True
29.0828,-0.5075,-0.0135,0,3,-5.6884,1.3437,0.0,True
29.0912,-0.62,-0.0451,0,3,-5.6884,1.3437,0.0,True
29.0995,-0.5429,0.0062,0,3,-5.6884,1.3437,0.0,True
29.107799999999997,-0.6048,-0.053,0,3,-5.6884,1.3437,0.0,True
29.1162,-0.68,-0.116,0,3,-5.6884,1.3437,0.0,True
29.124499999999998,-0.6197,-0.1082,0,3,-5.6884,1.3437,0.0,True
29.1329,-0.6758,-0.0172,0,3,-5.6884,1.3437,0.0,True
29.141199999999998,-0.6353,-0.0915,0,3,-5.6884,1.3437,0.0,True
29.1496,-0.6445,-0.0839,0,3,-5.6884,1.3437,0.0,True
29.157899999999998,-0.6772,-0.0169,0,3,-5.6884,1.3437,0.0,True
29.1665,-0.7436,-0.0367,0,3,-5.6884,1.3437,0.0,True
29.174500000000002,-0.564,-0.0636,0,3,-5.6884,1.3437,0.0,True
29.1828,-0.6434,-0.0939,0,3,-5.6884,1.3437,0.0,True
29.191200000000002,-0.8092,-0.028,0,3,-5.6884,1.3437,0.0,True
29.199600000000004,-0.6397,0.0106,0,3,-5.6884,1.3437,0.0,True
29.207900000000002,-0.6243,-0.0441,0,3,-5.6884,1.3437,0.0,True
29.2162,-0.779,-0.1526,0,3,-5.6884,1.3437,0.0,True
29.224600000000002,-0.7374,-0.0403,0,3,-5.6884,1.3437,0.0,True
29.2329,-0.7414,0.0662,0,3,-5.6884,1.3437,0.0,True
29.2412,-0.7697,0.0908,0,3,-5.6884,1.3437,0.0,True
29.249499999999998,-0.6767,-0.0334,0,3,-5.6884,1.3437,0.0,True
29.2579,-0.7123,-0.0144,0,3,-5.6884,1.3437,0.0,True
29.266199999999998,-0.8819,0.056,0,3,-5.6884,1.3437,0.0,True
29.2746,-0.9117,-0.0744,0,3,-5.6884,1.3437,0.0,True
29.2828,-0.7323,0.0614,0,3,-5.6884,1.3437,0.0,True
29.291200000000003,-0.8411,0.017,0,3,-5.6884,1.3437,0.0,True
29.299599999999998,-0.8972,-0.0285,0,3,-5.6884,1.3437,0.0,True
29.3078,-0.8889,0.062,0,3,-5.6884,1.3437,0.0,True
29.316200000000002,-0.9009,0.0406,0,3,-5.6884,1.3437,0.0,True
29.324600000000004,-0.9091,0.022,0,3,-5.6884,1.3437,0.0,True
29.332900000000002,-0.8841,-0.0747,0,3,-5.6884,1.3437,0.0,True
29.3412,-0.7739,-0.1262,0,3,-5.6884,1.3437,0.0,True
29.349600000000002,-0.7999,-0.1588,0,3,-5.6884,1.3437,0.0,True
29.3579,-0.9311,-0.074,0,3,-5.6884,1.3437,0.0,True
29.3662,-1.0071,-0.0962,0,3,-5.6884,1.3437,0.0,True
29.374499999999998,-0.976,0.0385,0,3,-5.6884,1.3437,0.0,True
29.3829,-0.8213,0.0056,0,3,-5.6884,1.3437,0.0,True
29.391199999999998,-0.9381,0.0926,0,3,-5.6884,1.3437,0.0,True
29.3996,-0.9896,0.0254,0,3,-5.6884,1.3437,0.0,True
29.407899999999998,-0.9929,0.0817,0,3,-5.6884,1.3437,0.0,True
29.416200000000003,-0.9255,0.1088,0,3,-5.6884,1.3437,0.0,True
29.424599999999998,-0.9667,-0.1678,0,3,-5.6884,1.3437,0.0,True
29.4328,-0.8787,0.0036,0,3,-5.6884,1.3437,0.0,True
29.441200000000002,-0.8791,0.0618,0,3,-5.6884,1.3437,0.0,True
29.4495,-0.9662,-0.0892,0,3,-5.6884,1.3437,0.0,True
29.4578,-0.947,0.0229,0,3,-5.6884,1.3437,0.0,True
29.4662,-0.8777,0.0336,0,3,-5.6884,1.3437,0.0,True
29.474600000000002,-0.9193,-0.0036,0,3,-5.6884,1.3437,0.0,True
29.482799999999997,-1.034,0.0256,0,3,-5.6884,1.3437,0.0,True
29.4912,-0.9438,0.0407,0,3,-5.6884,1.3437,0.0,True
29.4996,-1.0713,0.0711,0,3,-5.6884,1.3437,0.0,True
29.507800000000003,-0.9942,-0.0542,0,3,-5.6884,1.3437,0.0,True
29.516199999999998,-1.0856,0.0148,0,3,-5.6884,1.3437,0.0,True
30.3412,-0.3418,-0.1172,-6,6,-5.6884,1.3437,0.0,True
30.3495,-0.3148,-0.1196,-6,6,-5.6884,1.3437,0.0,True
30.357799999999997,-0.2701,-0.2184,-6,6,-5.6884,1.3437,0.0,True
30.3662,-0.36,-0.1522,-6,6,-5.6884,1.3437,0.0,True
30.374499999999998,-0.3674,-0.2738,-6,6,-5.6884,1.3437,0.0,True
30.3829,-0.4297,-0.0987,-6,6,-5.6884,1.3437,0.0,True
30.391199999999998,-0.3828,-0.0611,-6,6,-5.6884,1.3437,0.0,True
30.3996,-0.3996,-0.0797,-6,6,-5.6884,1.3437,0.0,True
30.4078,-0.4085,-0.0515,-6,6,-5.6884,1.3437,0.0,True
30.4163,-0.4477,-0.0908,-6,6,-5.6884,1.3437,0.0,True
30.424599999999998,-0.345,-0.1761,-6,6,-5.6884,1.3437,0.0,True
30.4328,-0.4072,-0.0517,-6,6,-5.6884,1.3437,0.0,True
30.441200000000002,-0.53,-0.1408,-6,6,-5.6884,1.3437,0.0,True
30.449600000000004,-0.4881,-0.0623,-6,6,-5.6884,1.3437,0.0,True
30.4578,-0.4255,-0.0591,-6,6,-5.6884,1.3437,0.0,True
30.4662,-0.5579,-0.0548,-6,6,-5.6884,1.3437,0.0,True
30.474600000000002,-0.4819,-0.0507,-6,6,-5.6884,1.3437,0.0,True
30.482799999999997,-0.5352,-0.0029,-6,6,-5.6884,1.3437,0.0,True
30.4912,-0.4722,-0.0581,-6,6,-5.6884,1.3437,0.0,True
30.499499999999998,-0.4943,-0.1229,-6,6,-5.6884,1.3437,0.0,True
30.507800000000003,-0.4916,0.0051,-6,6,-5.6884,1.3437,0.0,True
30.516199999999998,-0.5682,0.0296,-6,6,-5.6884,1.3437,0.0,True
30.524500000000003,-0.5049,-0.0094,-6,6,-5.6884,1.3437,0.0,True
30.5328,-0.2187,-0.0007,-6,6,-5.6884,1.3437,0.0,True
30.541200000000003,-0.2225,-0.1013,-6,6,-5.6884,1.3437,0.0,True
30.549599999999998,-0.253,-0.0797,-6,6,-5.6884,1.3437,0.0,True
30.5578,-0.2578,-0.0797,-6,6,-5.6884,1.3437,0.0,True
30.566200000000002,-0.18,-0.0896,-6,6,-5.6884,1.3437,0.0,True
30.574600000000004,-0.1757,-0.1137,-6,6,-5.6884,1.3437,0.0,True
30.583,-0.2394,-0.0488,-6,6,-5.6884,1.3437,0.0,True
30.5912,-0.3483,-0.1324,-6,6,-5.6884,1.3437,0.0,True
30.599600000000002,-0.3323,0.0028,-6,6,-5.6884,1.3437,0.0,True
30.607799999999997,-0.2769,-0.0893,-6,6,-5.6884,1.3437,0.0,True
30.616300000000003,-0.3341,-0.1057,-6,6,-5.6884,1.3437,0.0,True
30.6246,-0.3336,-0.0487,-6,6,-5.6884,1.3437,0.0,True
30.6329,-0.3379,0.0423,-6,6,-5.6884,1.3437,0.0,True
30.641199999999998,-0.2552,-0.1361,-6,6,-5.6884,1.3437,0.0,True
30.649500000000003,-0.2702,-0.17,-6,6,-5.6884,1.3437,0.0,True
30.6578,-0.2502,-0.1483,-6,6,-5.6884,1.3437,0.0,True
30.6663,-0.2245,-0.1146,-6,6,-5.6884,1.3437,0.0,True
30.674599999999998,-0.1757,-0.1245,-6,6,-5.6884,1.3437,0.0,True
30.682900000000004,-0.2426,-0.156,-6,6,-5.6884,1.3437,0.0,True
30.691200000000002,-0.1927,-0.0893,-6,6,-5.6884,1.3437,0.0,True
30.699600000000004,-0.1999,-0.0915,-6,6,-5.6884,1.3437,0.0,True
30.7078,-0.1312,-0.1197,-6,6,-5.6884,1.3437,0.0,True
30.7162,-0.2661,-0.1196,-6,6,-5.6884,1.3437,0.0,True
30.724600000000002,-0.1711,-0.2215,-6,6,-5.6884,1.3437,0.0,True
30.732799999999997,-0.2862,-0.1914,-6,6,-5.6884,1.3437,0.0,True
30.7412,-0.256,-0.2494,-6,6,-5.6884,1.3437,0.0,True
30.7496,-0.2034,-0.0705,-6,6,-5.6884,1.3437,0.0,True
30.757800000000003,-0.2015,-0.2489,-6,6,-5.6884,1.3437,0.0,True
30.766199999999998,-0.1409,-0.2373,-6,6,-5.6884,1.3437,0.0,True
30.7746,-0.1601,-0.1279,-6,6,-5.6884,1.3437,0.0,True
30.7828,-0.1582,-0.2272,-6,6,-5.6884,1.3437,0.0,True
30.791200000000003,-0.2137,-0.1365,-6,6,-5.6884,1.3437,0.0,True
30.799599999999998,-0.0837,-0.1218,-6,6,-5.6884,1.3437,0.0,True
30.8078,-0.165,-0.1154,-6,6,-5.6884,1.3437,0.0,True
30.816200000000002,-0.2561,-0.1447,-6,6,-5.6884,1.3437,0.0,True
30.824600000000004,-0.1963,-0.2102,-6,6,-5.6884,1.3437,0.0,True
30.8328,-0.1819,-0.253,-6,6,-5.6884,1.3437,0.0,True
30.8412,-0.1583,-0.2052,-6,6,-5.6884,1.3437,0.0,True
30.849600000000002,-0.1792,-0.1967,-6,6,-5.6884,1.3437,0.0,True
30.857799999999997,-0.2378,-0.2723,-6,6,-5.6884,1.3437,0.0,True
30.8662,-0.1928,-0.1348,-6,6,-5.6884,1.3437,0.0,True
30.8746,-0.2323,-0.1775,-6,6,-5.6884,1.3437,0.0,True
30.882800000000003,-0.1887,-0.1811,-6,6,-5.6884,1.3437,0.0,True
30.891199999999998,-0.3002,-0.2514,-6,6,-5.6884,1.3437,0.0,True
30.899500000000003,-0.2021,-0.1652,-6,6,-5.6884,1.3437,0.0,True
30.9078,-0.2341,-0.2012,-6,6,-5.6884,1.3437,0.0,True
30.916200000000003,-0.2339,-0.3164,-6,6,-5.6884,1.3437,0.0,True
30.924599999999998,-0.1608,-0.213,-6,6,-5.6884,1.3437,0.0,True
30.932900000000004,-0.2291,-0.19,-6,6,-5.6884,1.3437,0.0,True
33.1078,0.9114,-0.0372,3,-6,-5.6884,1.3437,0.0,True
33.1162,0.819,0.1273,3,-6,-5.6884,1.3437,0.0,True
33.1244,0.8192,-0.1466,3,-6,-5.6884,1.3437,0.0,True
33.133,1.019,0.0262,3,-6,-5.6884,1.3437,0.0,True
33.1412,0.9554,-0.0555,3,-6,-5.6884,1.3437,0.0,True
33.1494,0.9444,-0.0349,3,-6,-5.6884,1.3437,0.0,True
33.1578,0.9164,0.0898,3,-6,-5.6884,1.3437,0.0,True
33.1662,0.9644,-0.1285,3,-6,-5.6884,1.3437,0.0,True
33.1744,0.984,-0.1729,3,-6,-5.6884,1.3437,0.0,True
33.182900000000004,0.8992,-0.0693,3,-6,-5.6884,1.3437,0.0,True
33.1912,0.9356,-0.1053,3,-6,-5.6884,1.3437,0.0,True
33.1995,0.7641,-0.0107,3,-6,-5.6884,1.3437,0.0,True
33.2078,0.8606,0.2137,3,-6,-5.6884,1.3437,0.0,True
33.2162,0.7581,-0.2987,3,-6,-5.6884,1.3437,0.0,True
33.2244,0.81,-0.0545,3,-6,-5.6884,1.3437,0.0,True
33.2329,0.7,0.0976,3,-6,-5.6884,1.3437,0.0,True
33.2412,0.7403,0.0121,3,-6,-5.6884,1.3437,0.0,True
33.2494,0.6258,-0.2157,3,-6,-5.6884,1.3437,0.0,True
33.2578,0.6133,-0.2756,3,-6,-5.6884,1.3437,0.0,True
33.2662,0.5311,-0.0787,3,-6,-5.6884,1.3437,0.0,True
33.2744,0.5826,-0.2377,3,-6,-5.6884,1.3437,0.0,True
33.2828,0.671,-0.0931,3,-6,-5.6884,1.3437,0.0,True
33.2912,0.7073,-0.3035,3,-6,-5.6884,1.3437,0.0,True
33.2996,0.5097,-0.1089,3,-6,-5.6884,1.3437,0.0,True
33.3078,0.6334,-0.0893,3,-6,-5.6884,1.3437,0.0,True
33.3162,0.6307,-0.1166,3,-6,-5.6884,1.3437,0.0,True
33.324400000000004,0.6762,-0.3307,3,-6,-5.6884,1.3437,0.0,True
33.3328,0.6945,-0.2031,3,-6,-5.6884,1.3437,0.0,True
33.3412,0.4978,-0.2864,3,-6,-5.6884,1.3437,0.0,True
33.3495,0.7026,-0.2055,3,-6,-5.6884,1.3437,0.0,True
33.3579,0.7065,-0.2499,3,-6,-5.6884,1.3437,0.0,True
33.3662,0.6225,-0.4102,3,-6,-5.6884,1.3437,0.0,True
33.3744,0.6845,-0.2517,3,-6,-5.6884,1.3437,0.0,True
33.3828,0.6123,-0.3211,3,-6,-5.6884,1.3437,0.0,True
33.3912,0.6167,-0.2666,3,-6,-5.6884,1.3437,0.0,True
33.3995,0.5599,-0.1674,3,-6,-5.6884,1.3437,0.0,True
33.4078,0.5173,-0.2052,3,-6,-5.6884,1.3437,0.0,True
33.4163,0.2611,0.2785,3,-6,-5.6884,1.3437,0.0,True
33.4244,0.1679,0.1935,3,-6,-5.6884,1.3437,0.0,True
33.432900000000004,0.233,0.2253,3,-6,-5.6884,1.3437,0.0,True
33.4412,0.2144,0.2903,3,-6,-5.6884,1.3437,0.0,True
33.449400000000004,0.4024,0.3748,3,-6,-5.6884,1.3437,0.0,True
33.4578,0.2634,0.2327,3,-6,-5.6884,1.3437,0.0,True
33.4662,0.3399,0.1836,3,-6,-5.6884,1.3437,0.0,True
33.4744,0.303,0.3893,3,-6,-5.6884,1.3437,0.0,True
33.4828,0.2889,0.3303,3,-6,-5.6884,1.3437,0.0,True
33.4912,0.3367,0.3112,3,-6,-5.6884,1.3437,0.0,True
33.4994,0.2788,0.225,3,-6,-5.6884,1.3437,0.0,True
33.5078,0.242,0.3831,3,-6,-5.6884,1.3437,0.0,True
33.5162,0.1383,0.3996,3,-6,-5.6884,1.3437,0.0,True
33.5244,0.1361,0.3055,3,-6,-5.6884,1.3437,0.0,True
33.5329,0.2261,0.4171,3,-6,-5.6884,1.3437,0.0,True
33.5412,0.147,0.6025,3,-6,-5.6884,1.3437,0.0,True
33.5494,0.0761,0.3715,3,-6,-5.6884,1.3437,0.0,True
33.5578,-0.103,0.2729,3,-6,-5.6884,1.3437,0.0,True
33.5662,0.086,0.3668,3,-6,-5.6884,1.3437,0.0,True
33.5745,-0.1221,0.3589,3,-6,-5.6884,1.3437,0.0,True
33.5828,-0.0113,0.5299,3,-6,-5.6884,1.3437,0.0,True
33.5912,-0.0712,0.4316,3,-6,-5.6884,1.3437,0.0,True
33.5995,-0.0437,0.4917,3,-6,-5.6884,1.3437,0.0,True
34.4244,-1.1116,1.1281,-3,-6,-5.6884,1.3437,1.0,True
34.432900000000004,-0.8488,0.8375,-3,-6,-5.6884,1.3437,1.0,True
34.4412,-0.9833,1.2639,-3,-6,-5.6884,1.3437,1.0,True
34.449400000000004,-0.8785,1.2208,-3,-6,-5.6884,1.3437,1.0,True
34.4578,-0.8529,1.3106,-3,-6,-5.6884,1.3437,1.0,True
34.4662,-0.8281,1.3575,-3,-6,-5.6884,1.3437,1.0,True
34.4744,-1.1372,1.283,-3,-6,-5.6884,1.3437,1.0,True
34.4828,-1.1358,1.2222,-3,-6,-5.6884,1.3437,1.0,True
34.4912,-0.9024,1.1847,-3,-6,-5.6884,1.3437,1.0,True
34.4995,-1.016,1.2831,-3,-6,-5.6884,1.3437,1.0,True
34.5078,-0.9265,1.2011,-3,-6,-5.6884,1.3437,1.0,True
34.5162,-1.0018,1.2633,-3,-6,-5.6884,1.3437,1.0,True
34.5244,-1.0161,1.1704,-3,-6,-5.6884,1.3437,1.0,True
34.5329,-0.745,0.9222,-3,-6,-5.6884,1.3437,1.0,True
34.5412,-0.9094,0.9697,-3,-6,-5.6884,1.3437,1.0,True
34.5495,-0.8474,0.9434,-3,-6,-5.6884,1.3437,1.0,True
34.557900000000004,-0.897,1.1992,-3,-6,-5.6884,1.3437,1.0,True
34.5662,-1.1614,1.1236,-3,-6,-5.6884,1.3437,1.0,True
34.5745,-0.8949,0.9786,-3,-6,-5.6884,1.3437,1.0,True
34.5829,-0.7806,1.1843,-3,-6,-5.6884,1.3437,1.0,True
34.5912,-0.8805,0.9617,-3,-6,-5.6884,1.3437,1.0,True
34.5995,-0.4838,0.6268,-3,-6,-5.6884,1.3437,1.0,True
34.6078,-0.6309,1.0315,-3,-6,-5.6884,1.3437,1.0,True
34.6162,-0.8097,0.9623,-3,-6,-5.6884,1.3437,1.0,True
34.6244,-0.7623,1.1268,-3,-6,-5.6884,1.3437,1.0,True
34.6328,-0.8888,1.284,-3,-6,-5.6884,1.3437,1.0,True
34.6412,-0.9789,0.8882,-3,-6,-5.6884,1.3437,1.0,True
34.6494,-0.8893,0.8807,-3,-6,-5.6884,1.3437,1.0,True
34.6578,-1.0423,1.0204,-3,-6,-5.6884,1.3437,1.0,True
34.6662,-1.0683,1.0049,-3,-6,-5.6884,1.3437,1.0,True
34.6744,-0.9712,1.1134,-3,-6,-5.6884,1.3437,1.0,True
34.6828,-1.1192,0.9693,-3,-6,-5.6884,1.3437,1.0,True
34.6912,-1.101,1.0022,-3,-6,-5.6884,1.3437,1.0,True
34.6995,-1.126,1.126,-3,-6,-5.6884,1.3437,1.0,True
34.7078,-0.884,1.5062,-3,-6,-5.6884,1.3437,1.0,True
34.7162,-0.8528,1.368,-3,-6,-5.6884,1.3437,1.0,True
34.7244,-1.037,1.2118,-3,-6,-5.6884,1.3437,1.0,True
34.7329,-0.9639,1.2493,-3,-6,-5.6884,1.3437,1.0,True
34.7412,-0.8362,1.6031,-3,-6,-5.6884,1.3437,1.0,True
34.7494,-0.7977,1.3162,-3,-6,-5.6884,1.3437,1.0,True
34.7578,-0.797,1.3707,-3,-6,-5.6884,1.3437,1.0,True
34.7662,-0.7979,1.3968,-3,-6,-5.6884,1.3437,1.0,True
34.7744,-0.6984,1.3843,-3,-6,-5.6884,1.3437,1.0,True
34.7828,-0.8703,1.1879,-3,-6,-5.6884,1.3437,1.0,True
34.7912,-0.99,1.356,-3,-6,-5.6884,1.3437,1.0,True
34.7995,-0.7393,1.1268,-3,-6,-5.6884,1.3437,1.0,True
34.8078,-0.9099,1.3161,-3,-6,-5.6884,1.3437,1.0,True
34.8162,-0.7026,1.4231,-3,-6,-5.6884,1.3437,1.0,True
34.824400000000004,-0.955,1.3676,-3,-6,-5.6884,1.3437,1.0,True
34.8328,-0.7665,1.6033,-3,-6,-5.6884,1.3437,1.0,True
34.8412,-0.7694,1.2093,-3,-6,-5.6884,1.3437,1.0,True
34.8495,-0.8549,1.1449,-3,-6,-5.6884,1.3437,1.0,True
34.8578,-1.0568,1.3304,-3,-6,-5.6884,1.3437,1.0,True
34.8662,-0.8999,1.1747,-3,-6,-5.6884,1.3437,1.0,True
34.8744,-0.8404,1.4816,-3,-6,-5.6884,1.3437,1.0,True
34.8828,-0.6465,1.4638,-3,-6,-5.6884,1.3437,1.0,True
34.8912,-0.8566,1.4727,-3,-6,-5.6884,1.3437,1.0,True
34.8995,-0.9142,1.406,-3,-6,-5.6884,1.3437,1.0,True
34.9079,-0.9464,1.0511,-3,-6,-5.6884,1.3437,1.0,True
34.9162,-0.982,1.1196,-3,-6,-5.6884,1.3437,1.0,True
34.9244,-1.0963,1.1763,-3,-6,-5.6884,1.3437,1.0,True
34.932900000000004,-0.8994,1.203,-3,-6,-5.6884,1.3437,1.0,True
34.9412,-1.1654,1.1765,-3,-6,-5.6884,1.3437,1.0,True
34.949400000000004,-0.9665,1.1205,-3,-6,-5.6884,1.3437,1.0,True
34.9578,-0.9954,1.1901,-3,-6,-5.6884,1.3437,1.0,True
34.9662,-0.8664,1.1809,-3,-6,-5.6884,1.3437,1.0,True
34.9744,-1.0686,1.023,-3,-6,-5.6884,1.3437,1.0,True
34.9828,-1.1211,1.0476,-3,-6,-5.6884,1.3437,1.0,True
34.9912,-1.0497,1.2159,-3,-6,-5.6884,1.3437,1.0,True
34.9995,-0.9113,1.3049,-3,-6,-5.6884,1.3437,1.0,True
35.0078,-0.8936,1.2841,-3,-6,-5.6884,1.3437,1.0,True
35.0162,-0.8959,1.1844,-3,-6,-5.6884,1.3437,1.0,True
35.0244,-0.6323,1.2422,-3,-6,-5.6884,1.3437,1.0,True
35.0329,-0.7848,1.3959,-3,-6,-5.6884,1.3437,1.0,True
35.0412,-0.5463,1.2806,-3,-6,-5.6884,1.3437,1.0,True
35.0495,-0.8167,1.3721,-3,-6,-5.6884,1.3437,1.0,True
35.057900000000004,-0.8518,1.542,-3,-6,-5.6884,1.3437,1.0,True
35.0662,-0.8178,1.4235,-3,-6,-5.6884,1.3437,1.0,True
35.074400000000004,-0.9414,1.6115,-3,-6,-5.6884,1.3437,1.0,True
35.0828,-0.6197,1.1332,-3,-6,-5.6884,1.3437,1.0,True
35.0912,-1.0391,1.2963,-3,-6,-5.6884,1.3437,1.0,True
35.0995,-1.0052,1.4334,-3,-6,-5.6884,1.3437,1.0,True
35.1078,-0.9714,1.4172,-3,-6,-5.6884,1.3437,1.0,True
35.1162,-0.9373,1.1345,-3,-6,-5.6884,1.3437,1.0,True
35.1244,-0.9709,1.147,-3,-6,-5.6884,1.3437,1.0,True
35.1329,-0.9158,0.8638,-3,-6,-5.6884,1.3437,1.0,True
35.1412,-1.0196,1.2741,-3,-6,-5.6884,1.3437,1.0,True
35.1494,-1.0111,0.9783,-3,-6,-5.6884,1.3437,1.0,True
35.1578,-1.1376,1.2955,-3,-6,-5.6884,1.3437,1.0,True
35.1662,-0.948,1.4656,-3,-6,-5.6884,1.3437,1.0,True
35.1744,-1.2135,1.164,-3,-6,-5.6884,1.3437,1.0,True
35.1828,-1.0147,1.3343,-3,-6,-5.6884,1.3437,1.0,True
35.1912,-1.2314,1.3882,-3,-6,-5.6884,1.3437,1.0,True
35.199600000000004,-0.9994,1.0551,-3,-6,-5.6884,1.3437,1.0,True
35.2079,-1.0836,1.311,-3,-6,-5.6884,1.3437,1.0,True
35.2162,-0.9237,1.4029,-3,-6,-5.6884,1.3437,1.0,True
35.2244,-1.0959,1.2664,-3,-6,-5.6884,1.3437,1.0,True
35.2329,-0.9298,1.2039,-3,-6,-5.6884,1.3437,1.0,True
35.2412,-1.0633,1.7003,-3,-6,-5.6884,1.3437,1.0,True
35.2495,-0.9313,1.432,-3,-6,-5.6884,1.3437,1.0,True
35.2578,-1.2094,1.3413,-3,-6,-5.6884,1.3437,1.0,True
35.2662,-0.942,1.4264,-3,-6,-5.6884,1.3437,1.0,True
35.2744,-1.1122,1.6442,-3,-6,-5.6884,1.3437,1.0,True
35.2828,-1.0667,1.627,-3,-6,-5.6884,1.3437,1.0,True
35.2912,-0.9218,1.4715,-3,-6,-5.6884,1.3437,1.0,True
35.2995,-1.0373,1.4277,-3,-6,-5.6884,1.3437,1.0,True
35.3078,-1.0108,1.4605,-3,-6,-5.6884,1.3437,1.0,True
35.3162,-0.8885,1.4587,-3,-6,-5.6884,1.3437,1.0,True
35.324400000000004,-0.9929,1.5502,-3,-6,-5.6884,1.3437,1.0,True
35.3328,-0.9595,1.5241,-3,-6,-5.6884,1.3437,1.0,True
35.3412,-1.0298,1.5272,-3,-6,-5.6884,1.3437,1.0,True
35.3494,-1.1294,1.3612,-3,-6,-5.6884,1.3437,1.0,True
35.358000000000004,-1.0957,1.4554,-3,-6,-5.6884,1.3437,1.0,True
35.3662,-0.9609,1.5021,-3,-6,-5.6884,1.3437,1.0,True
35.3744,-0.9079,1.3279,-3,-6,-5.6884,1.3437,1.0,True
35.3828,-0.9166,1.3058,-3,-6,-5.6884,1.3437,1.0,True
35.3912,-1.017,1.4021,-3,-6,-5.6884,1.3437,1.0,True
35.3995,-0.8417,1.4788,-3,-6,-5.6884,1.3437,1.0,True
35.4078,-0.8611,1.4235,-3,-6,-5.6884,1.3437,1.0,True
35.4162,-0.8048,1.5091,-3,-6,-5.6884,1.3437,1.0,True
35.4244,-0.8802,1.4675,-3,-6,-5.6884,1.3437,1.0,True
35.4328,-0.8471,1.5626,-3,-6,-5.6884,1.3437,1.0,True
35.4412,-0.9635,1.4834,-3,-6,-5.6884,1.3437,1.0,True
35.4495,-0.8967,1.3811,-3,-6,-5.6884,1.3437,1.0,True
35.4578,-0.8972,1.5066,-3,-6,-5.6884,1.3437,1.0,True
35.466300000000004,-0.9046,1.4706,-3,-6,-5.6884,1.3437,1.0,True
35.4745,-1.0908,1.3847,-3,-6,-5.6884,1.3437,1.0,True
35.4828,-0.8551,1.2443,-3,-6,-5.6884,1.3437,1.0,True
35.4912,-0.9466,1.2642,-3,-6,-5.6884,1.3437,1.0,True
35.4995,-0.9227,1.3853,-3,-6,-5.6884,1.3437,1.0,True
35.5078,-0.9184,1.3604,-3,-6,-5.6884,1.3437,1.0,True
35.5162,-0.6799,1.3275,-3,-6,-5.6884,1.3437,1.0,True
35.5245,-0.866,1.4028,-3,-6,-5.6884,1.3437,1.0,True
35.5329,-0.9301,1.418,-3,-6,-5.6884,1.3437,1.0,True
35.5412,-0.7034,1.3751,-3,-6,-5.6884,1.3437,1.0,True
35.5495,-1.0244,1.4244,-3,-6,-5.6884,1.3437,1.0,True
35.5581,-0.9036,1.4761,-3,-6,-5.6884,1.3437,1.0,True
35.5662,-0.6478,1.4857,-3,-6,-5.6884,1.3437,1.0,True
35.574400000000004,-0.7281,1.3071,-3,-6,-5.6884,1.3437,1.0,True
35.5828,-0.8719,1.6378,-3,-6,-5.6884,1.3437,1.0,True
35.5912,-0.8132,1.5426,-3,-6,-5.6884,1.3437,1.0,True
35.5995,-0.6837,1.7475,-3,-6,-5.6884,1.3437,1.0,True
35.6078,-0.8686,1.7114,-3,-6,-5.6884,1.3437,1.0,True
35.6162,-0.8145,1.6539,-3,-6,-5.6884,1.3437,1.0,True
35.6244,-0.923,1.5252,-3,-6,-5.6884,1.3437,1.0,True
35.6331,-0.6564,1.5563,-3,-6,-5.6884,1.3437,1.0,True
35.6412,-0.8388,1.4452,-3,-6,-5.6884,1.3437,1.0,True
35.6494,-0.9298,1.6888,-3,-6,-5.6884,1.3437,1.0,True
35.6578,-0.8842,1.77,-3,-6,-5.6884,1.3437,1.0,True
35.6662,-0.8858,1.4936,-3,-6,-5.6884,1.3437,1.0,True
35.6744,-0.9044,1.4905,-3,-6,-5.6884,1.3437,1.0,True
35.6828,-0.914,1.6013,-3,-6,-5.6884,1.3437,1.0,True
35.6912,-0.9146,1.4844,-3,-6,-5.6884,1.3437,1.0,True
35.6995,-0.9679,1.4383,-3,-6,-5.6884,1.3437,1.0,True
36.5244,0.1742,-0.1874,6,0,-5.6884,1.3437,0.0,True
36.5328,0.1593,-0.2642,6,0,-5.6884,1.3437,0.0,True
36.5412,0.2398,-0.1719,6,0,-5.6884,1.3437,0.0,True
36.5494,0.1028,-0.2447,6,0,-5.6884,1.3437,0.0,True
36.5578,0.1288,-0.1933,6,0,-5.6884,1.3437,0.0,True
36.5662,0.1728,-0.1681,6,0,-5.6884,1.3437,0.0,True
36.574400000000004,-0.0458,-0.2051,6,0,-5.6884,1.3437,0.0,True
36.5828,0.2099,-0.1106,6,0,-5.6884,1.3437,0.0,True
36.5912,0.1512,0.0576,6,0,-5.6884,1.3437,0.0,True
36.5995,0.1022,-0.1277,6,0,-5.6884,1.3437,0.0,True
36.6078,0.2226,-0.0833,6,0,-5.6884,1.3437,0.0,True
36.6162,0.0336,0.0439,6,0,-5.6884,1.3437,0.0,True
36.6244,0.3288,-0.08,6,0,-5.6884,1.3437,0.0,True
36.6328,0.0608,-0.163,6,0,-5.6884,1.3437,0.0,True
36.6412,0.2596,-0.0116,6,0,-5.6884,1.3437,0.0,True
36.6494,0.2817,0.0935,6,0,-5.6884,1.3437,0.0,True
36.6578,0.1263,0.0575,6,0,-5.6884,1.3437,0.0,True
36.6662,0.2305,0.1565,6,0,-5.6884,1.3437,0.0,True
36.6744,0.084,0.0004,6,0,-5.6884,1.3437,0.0,True
36.6828,0.2361,0.0781,6,0,-5.6884,1.3437,0.0,True
36.6913,0.2275,0.1103,6,0,-5.6884,1.3437,0.0,True
36.6995,0.2499,0.0522,6,0,-5.6884,1.3437,0.0,True
36.7078,0.1438,0.1508,6,0,-5.6884,1.3437,0.0,True
36.7162,0.1863,0.2613,6,0,-5.6884,1.3437,0.0,True
36.7244,0.1742,0.1839,6,0,-5.6884,1.3437,0.0,True
36.7328,0.2561,0.1547,6,0,-5.6884,1.3437,0.0,True
36.7412,0.2777,0.15,6,0,-5.6884,1.3437,0.0,True
36.7495,0.2678,0.0909,6,0,-5.6884,1.3437,0.0,True
36.7578,0.221,0.1517,6,0,-5.6884,1.3437,0.0,True
36.7662,0.3171,0.3507,6,0,-5.6884,1.3437,0.0,True
36.7745,0.1178,0.1811,6,0,-5.6884,1.3437,0.0,True
36.7828,0.268,0.2006,6,0,-5.6884,1.3437,0.0,True
36.7912,0.2349,0.1958,6,0,-5.6884,1.3437,0.0,True
36.7995,0.0643,0.1648,6,0,-5.6884,1.3437,0.0,True
36.8078,0.1967,0.2595,6,0,-5.6884,1.3437,0.0,True
36.8162,0.2921,0.2063,6,0,-5.6884,1.3437,0.0,True
36.8245,0.3395,0.1815,6,0,-5.6884,1.3437,0.0,True
36.8328,0.1017,0.1005,6,0,-5.6884,1.3437,0.0,True
36.8412,0.1135,0.0549,6,0,-5.6884,1.3437,0.0,True
36.8494,0.0871,0.022,6,0,-5.6884,1.3437,0.0,True
36.8578,0.1909,0.2161,6,0,-5.6884,1.3437,0.0,True
36.8662,0.2637,-0.0864,6,0,-5.6884,1.3437,0.0,True
36.8744,0.1603,-0.0501,6,0,-5.6884,1.3437,0.0,True
36.8828,-0.0539,-0.0224,6,0,-5.6884,1.3437,0.0,True
36.8912,0.2368,-0.0421,6,0,-5.6884,1.3437,0.0,True
36.8995,0.0514,-0.0774,6,0,-5.6884,1.3437,0.0,True
36.9078,0.0588,-0.1452,6,0,-5.6884,1.3437,0.0,True
36.9162,0.0752,0.0781,6,0,-5.6884,1.3437,0.0,True
36.9245,0.1093,0.0773,6,0,-5.6884,1.3437,0.0,True
36.9328,0.1174,-0.0551,6,0,-5.6884,1.3437,0.0,True
36.9412,0.2132,-0.135,6,0,-5.6884,1.3437,0.0,True
36.949400000000004,0.1214,-0.0959,6,0,-5.6884,1.3437,0.0,True
36.9578,0.0604,0.206,6,0,-5.6884,1.3437,0.0,True
36.9664,0.1776,-0.0876,6,0,-5.6884,1.3437,0.0,True
36.9744,0.1155,-0.0944,6,0,-5.6884,1.3437,0.0,True
36.9828,0.1796,-0.0964,6,0,-5.6884,1.3437,0.0,True
36.9913,0.1632,-0.0611,6,0,-5.6884,1.3437,0.0,True
36.9995,0.1572,0.1515,6,0,-5.6884,1.3437,0.0,True
37.0078,0.076,-0.0167,6,0,-5.6884,1.3437,0.0,True
37.0162,0.0321,0.0493,6,0,-5.6884,1.3437,0.0,True
37.0246,0.1577,0.1318,6,0,-5.6884,1.3437,0.0,True
37.0328,0.1218,0.0498,6,0,-5.6884,1.3437,0.0,True
37.0412,0.2288,0.3127,6,0,-5.6884,1.3437,0.0,True
37.0494,0.1114,0.2307,6,0,-5.6884,1.3437,0.0,True
37.057900000000004,0.1396,0.1277,6,0,-5.6884,1.3437,0.0,True
37.0663,0.2639,-0.0237,6,0,-5.6884,1.3437,0.0,True
37.074400000000004,0.1329,0.0726,6,0,-5.6884,1.3437,0.0,True
37.0828,0.1093,0.061,6,0,-5.6884,1.3437,0.0,True
37.0912,0.1548,0.2909,6,0,-5.6884,1.3437,0.0,True
37.0995,0.13,0.1671,6,0,-5.6884,1.3437,0.0,True
37.1078,0.195,0.0287,6,0,-5.6884,1.3437,0.0,True
37.1162,0.1662,0.0953,6,0,-5.6884,1.3437,0.0,True
37.1244,0.109,0.0583,6,0,-5.6884,1.3437,0.0,True
37.1328,0.2226,-0.0038,6,0,-5.6884,1.3437,0.0,True
37.1412,0.1522,0.1769,6,0,-5.6884,1.3437,0.0,True
37.1494,-0.0161,-0.0627,6,0,-5.6884,1.3437,0.0,True
37.1578,0.0299,0.0034,6,0,-5.6884,1.3437,0.0,True
37.1662,0.2537,-0.0072,6,0,-5.6884,1.3437,0.0,True
37.1745,0.2422,-0.0479,6,0,-5.6884,1.3437,0.0,True
37.1828,0.2119,0.0275,6,0,-5.6884,1.3437,0.0,True
37.1912,0.0511,0.1134,6,0,-5.6884,1.3437,0.0,True
37.1995,0.0052,0.0716,6,0,-5.6884,1.3437,0.0,True
37.2078,0.1195,0.1509,6,0,-5.6884,1.3437,0.0,True
37.216300000000004,0.1924,0.0792,6,0,-5.6884,1.3437,0.0,True
37.2244,0.1584,0.095,6,0,-5.6884,1.3437,0.0,True
37.2328,0.1327,0.141,6,0,-5.6884,1.3437,0.0,True
37.2412,0.111,0.0285,6,0,-5.6884,1.3437,0.0,True
37.2496,0.0027,0.1775,6,0,-5.6884,1.3437,0.0,True
37.2578,-0.0275,0.142,6,0,-5.6884,1.3437,0.0,True
37.2662,0.1485,0.0427,6,0,-5.6884,1.3437,0.0,True
37.2744,0.0823,0.2016,6,0,-5.6884,1.3437,0.0,True
37.2828,-0.0508,0.2165,6,0,-5.6884,1.3437,0.0,True
37.2912,0.1538,0.0993,6,0,-5.6884,1.3437,0.0,True
37.2995,0.1218,0.1755,6,0,-5.6884,1.3437,0.0,True
37.3078,-0.0214,0.1125,6,0,-5.6884,1.3437,0.0,True
37.3162,-0.0485,0.3202,6,0,-5.6884,1.3437,0.0,True
37.3245,0.0735,0.1283,6,0,-5.6884,1.3437,0.0,True
37.3329,0.0674,0.2374,6,0,-5.6884,1.3437,0.0,True
37.3412,0.034,0.3396,6,0,-5.6884,1.3437,0.0,True
37.3494,0.1169,0.1923,6,0,-5.6884,1.3437,0.0,True
37.3578,0.1228,0.1166,6,0,-5.6884,1.3437,0.0,True
37.3662,0.0577,0.3181,6,0,-5.6884,1.3437,0.0,True
37.3745,0.0316,0.1728,6,0,-5.6884,1.3437,0.0,True
37.3828,0.1601,0.2201,6,0,-5.6884,1.3437,0.0,True
37.3912,0.0761,0.1313,6,0,-5.6884,1.3437,0.0,True
37.3995,-0.0001,0.2083,6,0,-5.6884,1.3437,0.0,True
37.4078,0.0902,0.2347,6,0,-5.6884,1.3437,0.0,True
37.4162,0.1148,0.2757,6,0,-5.6884,1.3437,0.0,True
37.4244,0.0833,0.2918,6,0,-5.6884,1.3437,0.0,True
37.4328,0.1485,0.305,6,0,-5.6884,1.3437,0.0,True
37.4412,0.0485,0.3138,6,0,-5.6884,1.3437,0.0,True
37.449400000000004,0.099,0.3012,6,0,-5.6884,1.3437,0.0,True
37.4578,0.0716,0.3862,6,0,-5.6884,1.3437,0.0,True
37.466300000000004,0.0299,0.2384,6,0,-5.6884,1.3437,0.0,True
37.4746,0.0979,0.2499,6,0,-5.6884,1.3437,0.0,True
37.4829,0.0577,0.3176,6,0,-5.6884,1.3437,0.0,True
37.4912,-0.1449,0.407,6,0,-5.6884,1.3437,0.0,True
37.4995,-0.0358,0.1859,6,0,-5.6884,1.3437,0.0,True
37.5078,-0.0956,0.2356,6,0,-5.6884,1.3437,0.0,True
37.5163,-0.1482,0.4303,6,0,-5.6884,1.3437,0.0,True
37.5245,-0.0691,0.3585,6,0,-5.6884,1.3437,0.0,True
37.5328,-0.128,0.3887,6,0,-5.6884,1.3437,0.0,True
37.5412,-0.1664,0.4557,6,0,-5.6884,1.3437,0.0,True
37.5494,-0.0671,0.3861,6,0,-5.6884,1.3437,0.0,True
37.5578,-0.0752,0.3457,6,0,-5.6884,1.3437,0.0,True
37.5662,-0.2015,0.3958,6,0,-5.6884,1.3437,0.0,True
37.574400000000004,-0.1361,0.5122,6,0,-5.6884,1.3437,0.0,True
37.5828,-0.0336,0.297,6,0,-5.6884,1.3437,0.0,True
37.5912,-0.0065,0.3039,6,0,-5.6884,1.3437,0.0,True
37.5995,0.0322,0.2652,6,0,-5.6884,1.3437,0.0,True
37.6078,-0.0629,0.2621,6,0,-5.6884,1.3437,0.0,True
37.6163,-0.1338,0.4311,6,0,-5.6884,1.3437,0.0,True
37.6244,-0.0399,0.2547,6,0,-5.6884,1.3437,0.0,True
37.6328,-0.0652,0.2014,6,0,-5.6884,1.3437,0.0,True
37.6412,-0.056,0.2395,6,0,-5.6884,1.3437,0.0,True
37.6494,-0.1165,0.2639,6,0,-5.6884,1.3437,0.0,True
37.6578,0.0052,0.2872,6,0,-5.6884,1.3437,0.0,True
37.6662,-0.0744,0.2739,6,0,-5.6884,1.3437,0.0,True
37.6744,0.0054,0.2813,6,0,-5.6884,1.3437,0.0,True
37.6828,0.0345,0.2125,6,0,-5.6884,1.3437,0.0,True
37.6912,0.0729,0.1474,6,0,-5.6884,1.3437,0.0,True
37.6995,-0.1147,0.2738,6,0,-5.6884,1.3437,0.0,True
37.7078,-0.2074,0.2243,6,0,-5.6884,1.3437,0.0,True
37.7162,-0.0396,0.204,6,0,-5.6884,1.3437,0.0,True
37.7244,-0.0909,0.2613,6,0,-5.6884,1.3437,0.0,True
37.7328,-0.0589,0.258,6,0,-5.6884,1.3437,0.0,True
37.7411,0.0005,0.3333,6,0,-5.6884,1.3437,0.0,True
37.7495,-0.1348,0.2753,6,0,-5.6884,1.3437,0.0,True
37.7578,-0.0742,0.1901,6,0,-5.6884,1.3437,0.0,True
37.7661,-0.1578,0.3442,6,0,-5.6884,1.3437,0.0,True
37.7745,-0.0014,0.1207,6,0,-5.6884,1.3437,0.0,True
37.7828,-0.3625,0.2414,6,0,-5.6884,1.3437,0.0,True
37.7912,-0.2641,0.4179,6,0,-5.6884,1.3437,0.0,True
37.7995,-0.3104,0.3686,6,0,-5.6884,1.3437,0.0,True
37.8078,-0.3258,0.2545,6,0,-5.6884,1.3437,0.0,True
37.8161,-0.321,0.3214,6,0,-5.6884,1.3437,0.0,True
37.824400000000004,-0.2663,0.1959,6,0,-5.6884,1.3437,0.0,True
37.8328,-0.2624,0.384,6,0,-5.6884,1.3437,0.0,True
37.841100000000004,-0.1601,0.2772,6,0,-5.6884,1.3437,0.0,True
37.8494,-0.1925,0.1477,6,0,-5.6884,1.3437,0.0,True
37.8578,-0.0746,0.2359,6,0,-5.6884,1.3437,0.0,True
37.8662,-0.2136,0.3416,6,0,-5.6884,1.3437,0.0,True
37.8744,-0.3237,0.2271,6,0,-5.6884,1.3437,0.0,True
37.8829,-0.283,0.2191,6,0,-5.6884,1.3437,0.0,True
37.8912,-0.2626,0.2454,6,0,-5.6884,1.3437,0.0,True
37.8996,-0.3183,0.3737,6,0,-5.6884,1.3437,0.0,True
37.9078,-0.3155,0.1787,6,0,-5.6884,1.3437,0.0,True
37.9161,-0.3423,0.2525,6,0,-5.6884,1.3437,0.0,True
37.9244,-0.2776,0.2564,6,0,-5.6884,1.3437,0.0,True
37.9328,-0.4023,0.2714,6,0,-5.6884,1.3437,0.0,True
37.9412,-0.3794,0.3025,6,0,-5.6884,1.3437,0.0,True
37.949400000000004,-0.2669,0.4102,6,0,-5.6884,1.3437,0.0,True
37.9578,-0.3177,0.3455,6,0,-5.6884,1.3437,0.0,True
37.9662,-0.2718,0.3042,6,0,-5.6884,1.3437,0.0,True
37.9744,-0.4994,0.3698,6,0,-5.6884,1.3437,0.0,True
38.7995,0.3712,0.1798,6,-6,-5.6884,1.3437,0.0,True
38.8078,0.3806,0.1529,6,-6,-5.6884,1.3437,0.0,True
38.8161,0.4738,0.019,6,-6,-5.6884,1.3437,0.0,True
38.824400000000004,0.3615,0.1437,6,-6,-5.6884,1.3437,0.0,True
38.8328,0.2741,0.0327,6,-6,-5.6884,1.3437,0.0,True
38.8412,0.1847,0.399,6,-6,-5.6884,1.3437,0.0,True
38.8494,0.3542,0.1537,6,-6,-5.6884,1.3437,0.0,True
38.8578,0.3087,0.2457,6,-6,-5.6884,1.3437,0.0,True
38.8662,0.2954,-0.056,6,-6,-5.6884,1.3437,0.0,True
38.8744,0.4388,0.1349,6,-6,-5.6884,1.3437,0.0,True
38.8828,0.3709,0.1998,6,-6,-5.6884,1.3437,0.0,True
38.8912,0.3685,0.2609,6,-6,-5.6884,1.3437,0.0,True
38.8995,0.3023,0.1936,6,-6,-5.6884,1.3437,0.0,True
38.9078,0.282,0.1273,6,-6,-5.6884,1.3437,0.0,True
38.9163,0.4016,0.5147,6,-6,-5.6884,1.3437,0.0,True
38.9244,0.4215,0.3015,6,-6,-5.6884,1.3437,0.0,True
38.932900000000004,0.433,0.4801,6,-6,-5.6884,1.3437,0.0,True
38.9412,0.3336,0.4061,6,-6,-5.6884,1.3437,0.0,True
38.949400000000004,0.4081,0.197,6,-6,-5.6884,1.3437,0.0,True
38.9578,0.1251,0.5617,6,-6,-5.6884,1.3437,0.0,True
38.9662,0.3568,0.2427,6,-6,-5.6884,1.3437,0.0,True
38.9745,0.3053,0.372,6,-6,-5.6884,1.3437,0.0,True
38.9828,0.3774,0.6679,6,-6,-5.6884,1.3437,0.0,True
38.9911,0.363,0.3336,6,-6,-5.6884,1.3437,0.0,True
38.9995,0.514,0.2352,6,-6,-5.6884,1.3437,0.0,True
39.0078,0.3894,0.1853,6,-6,-5.6884,1.3437,0.0,True
39.0162,0.3865,0.4586,6,-6,-5.6884,1.3437,0.0,True
39.0244,0.2038,0.1989,6,-6,-5.6884,1.3437,0.0,True
39.0328,0.2743,0.4715,6,-6,-5.6884,1.3437,0.0,True
39.0412,0.4251,0.3651,6,-6,-5.6884,1.3437,0.0,True
39.0494,0.101,0.3679,6,-6,-5.6884,1.3437,0.0,True
39.0578,0.324,0.338,6,-6,-5.6884,1.3437,0.0,True
39.0662,0.2785,0.2958,6,-6,-5.6884,1.3437,0.0,True
39.074400000000004,0.316,0.3401,6,-6,-5.6884,1.3437,0.0,True
39.0828,0.4136,0.2307,6,-6,-5.6884,1.3437,0.0,True
39.0912,0.2883,0.3072,6,-6,-5.6884,1.3437,0.0,True
39.0995,0.3534,0.3853,6,-6,-5.6884,1.3437,0.0,True
39.1078,0.2716,0.3605,6,-6,-5.6884,1.3437,0.0,True
39.1162,0.2385,0.4597,6,-6,-5.6884,1.3437,0.0,True
39.1244,0.2079,0.3493,6,-6,-5.6884,1.3437,0.0,True
39.1328,0.2318,0.538,6,-6,-5.6884,1.3437,0.0,True
39.1412,0.3048,0.3123,6,-6,-5.6884,1.3437,0.0,True
39.1494,0.3317,0.3721,6,-6,-5.6884,1.3437,0.0,True
39.1578,0.1345,0.4693,6,-6,-5.6884,1.3437,0.0,True
39.1662,0.2394,0.2466,6,-6,-5.6884,1.3437,0.0,True
39.1745,0.2591,0.2632,6,-6,-5.6884,1.3437,0.0,True
39.1828,0.1881,0.3642,6,-6,-5.6884,1.3437,0.0,True
39.1912,0.3377,0.4573,6,-6,-5.6884,1.3437,0.0,True
39.1995,0.091,0.2262,6,-6,-5.6884,1.3437,0.0,True
39.2078,-0.0348,0.4814,6,-6,-5.6884,1.3437,0.0,True
39.2162,0.3139,0.2605,6,-6,-5.6884,1.3437,0.0,True
39.2244,0.3179,0.4313,6,-6,-5.6884,1.3437,0.0,True
39.2328,0.4121,0.4534,6,-6,-5.6884,1.3437,0.0,True
39.2412,0.2828,0.387,6,-6,-5.6884,1.3437,0.0,True
39.2494,0.3345,0.6081,6,-6,-5.6884,1.3437,0.0,True
39.2578,0.3212,0.2384,6,-6,-5.6884,1.3437,0.0,True
39.2663,0.3267,0.2753,6,-6,-5.6884,1.3437,0.0,True
39.2744,0.3094,0.3013,6,-6,-5.6884,1.3437,0.0,True
39.2828,0.3412,0.255,6,-6,-5.6884,1.3437,0.0,True
39.2911,0.6322,0.4035,6,-6,-5.6884,1.3437,0.0,True
39.2995,0.4188,0.3068,6,-6,-5.6884,1.3437,0.0,True
39.3078,0.1191,0.3499,6,-6,-5.6884,1.3437,0.0,True
39.3162,0.2556,0.2774,6,-6,-5.6884,1.3437,0.0,True
39.324400000000004,0.3634,0.495,6,-6,-5.6884,1.3437,0.0,True
39.3329,0.1848,0.4027,6,-6,-5.6884,1.3437,0.0,True
39.341100000000004,0.2201,0.2658,6,-6,-5.6884,1.3437,0.0,True
39.3494,0.1153,0.2676,6,-6,-5.6884,1.3437,0.0,True
39.3578,0.3057,0.3849,6,-6,-5.6884,1.3437,0.0,True
39.3661,0.1812,0.3002,6,-6,-5.6884,1.3437,0.0,True
39.3744,0.3009,0.5203,6,-6,-5.6884,1.3437,0.0,True
39.3829,0.3656,0.3591,6,-6,-5.6884,1.3437,0.0,True
39.3912,0.136,0.6487,6,-6,-5.6884,1.3437,0.0,True
39.3995,0.4071,0.4956,6,-6,-5.6884,1.3437,0.0,True
39.4078,0.3113,0.4018,6,-6,-5.6884,1.3437,0.0,True
39.4162,0.1545,0.4287,6,-6,-5.6884,1.3437,0.0,True
39.4245,0.1349,0.4995,6,-6,-5.6884,1.3437,0.0,True
39.432900000000004,0.3089,0.4765,6,-6,-5.6884,1.3437,0.0,True
39.4412,0.289,0.4861,6,-6,-5.6884,1.3437,0.0,True
39.449400000000004,0.2027,0.4315,6,-6,-5.6884,1.3437,0.0,True
39.4578,0.2097,0.3199,6,-6,-5.6884,1.3437,0.0,True
39.4662,0.1968,0.435,6,-6,-5.6884,1.3437,0.0,True
39.4744,0.2938,0.3666,6,-6,-5.6884,1.3437,0.0,True
39.4829,0.3719,0.5764,6,-6,-5.6884,1.3437,0.0,True
39.4912,0.2679,0.4697,6,-6,-5.6884,1.3437,0.0,True
39.4995,0.1764,0.496,6,-6,-5.6884,1.3437,0.0,True
39.5078,0.233,0.3875,6,-6,-5.6884,1.3437,0.0,True
39.5162,0.2172,0.4127,6,-6,-5.6884,1.3437,0.0,True
39.5244,0.3252,0.4049,6,-6,-5.6884,1.3437,0.0,True
39.5328,0.2177,0.2878,6,-6,-5.6884,1.3437,0.0,True
39.5412,0.0563,0.4467,6,-6,-5.6884,1.3437,0.0,True
39.5494,0.1811,0.2896,6,-6,-5.6884,1.3437,0.0,True
39.557900000000004,0.2208,0.2689,6,-6,-5.6884,1.3437,0.0,True
39.5662,0.2829,0.6146,6,-6,-5.6884,1.3437,0.0,True
39.574400000000004,0.4404,0.4766,6,-6,-5.6884,1.3437,0.0,True
39.5829,0.4334,0.4829,6,-6,-5.6884,1.3437,0.0,True
39.5912,0.4319,0.4657,6,-6,-5.6884,1.3437,0.0,True
39.5996,0.3209,0.5382,6,-6,-5.6884,1.3437,0.0,True
39.6078,0.3,0.5698,6,-6,-5.6884,1.3437,0.0,True
39.6162,0.4196,0.517,6,-6,-5.6884,1.3437,0.0,True
39.6244,0.2413,0.5989,6,-6,-5.6884,1.3437,0.0,True
39.6328,0.2533,0.6602,6,-6,-5.6884,1.3437,0.0,True
39.6412,0.1779,0.624,6,-6,-5.6884,1.3437,0.0,True
39.6494,0.3033,0.6386,6,-6,-5.6884,1.3437,0.0,True
39.6578,0.2498,0.5693,6,-6,-5.6884,1.3437,0.0,True
39.6662,0.1603,0.4565,6,-6,-5.6884,1.3437,0.0,True
39.6744,0.1738,0.486,6,-6,-5.6884,1.3437,0.0,True
39.6828,0.2672,0.3147,6,-6,-5.6884,1.3437,0.0,True
39.6912,0.1505,0.4017,6,-6,-5.6884,1.3437,0.0,True
39.6995,0.2477,0.3748,6,-6,-5.6884,1.3437,0.0,True
39.7078,0.1701,0.6276,6,-6,-5.6884,1.3437,0.0,True
39.7162,0.3695,0.4378,6,-6,-5.6884,1.3437,0.0,True
39.7244,0.2245,0.4046,6,-6,-5.6884,1.3437,0.0,True
39.7328,0.2932,0.4041,6,-6,-5.6884,1.3437,0.0,True
39.7412,0.1531,0.3839,6,-6,-5.6884,1.3437,0.0,True
39.7496,0.2286,0.4327,6,-6,-5.6884,1.3437,0.0,True
39.7578,0.0487,0.4958,6,-6,-5.6884,1.3437,0.0,True
39.7662,0.2483,0.3552,6,-6,-5.6884,1.3437,0.0,True
39.7744,0.1595,0.4764,6,-6,-5.6884,1.3437,0.0,True
39.7828,0.2374,0.4157,6,-6,-5.6884,1.3437,0.0,True
39.7912,0.0994,0.3982,6,-6,-5.6884,1.3437,0.0,True
39.7994,0.1554,0.43,6,-6,-5.6884,1.3437,0.0,True
39.8078,0.3457,0.3239,6,-6,-5.6884,1.3437,0.0,True
39.8161,0.1691,0.5074,6,-6,-5.6884,1.3437,0.0,True
39.824400000000004,0.2323,0.4661,6,-6,-5.6884,1.3437,0.0,True
39.8328,0.1114,0.458,6,-6,-5.6884,1.3437,0.0,True
39.8412,0.1009,0.2628,6,-6,-5.6884,1.3437,0.0,True
39.8494,0.0929,0.4438,6,-6,-5.6884,1.3437,0.0,True
39.8578,0.08,0.3324,6,-6,-5.6884,1.3437,0.0,True
39.8662,0.2827,0.3359,6,-6,-5.6884,1.3437,0.0,True
39.8744,0.199,0.4462,6,-6,-5.6884,1.3437,0.0,True
39.8828,0.2455,0.4548,6,-6,-5.6884,1.3437,0.0,True
39.8912,0.1697,0.4626,6,-6,-5.6884,1.3437,0.0,True
39.8994,0.0052,0.5133,6,-6,-5.6884,1.3437,0.0,True
39.9078,0.2847,0.576,6,-6,-5.6884,1.3437,0.0,True
39.9161,0.1744,0.6055,6,-6,-5.6884,1.3437,0.0,True
39.9244,0.041,0.4964,6,-6,-5.6884,1.3437,0.0,True
39.9328,0.3844,0.4373,6,-6,-5.6884,1.3437,0.0,True
39.9412,0.2971,0.6085,6,-6,-5.6884,1.3437,0.0,True
39.949400000000004,0.2421,0.6014,6,-6,-5.6884,1.3437,0.0,True
39.9578,0.1904,0.537,6,-6,-5.6884,1.3437,0.0,True
39.966100000000004,0.1668,0.3219,6,-6,-5.6884,1.3437,0.0,True
39.9744,0.1454,0.5489,6,-6,-5.6884,1.3437,0.0,True
39.9828,0.2436,0.5424,6,-6,-5.6884,1.3437,0.0,True
39.9911,0.2532,0.5901,6,-6,-5.6884,1.3437,0.0,True
39.9995,0.3467,0.5579,6,-6,-5.6884,1.3437,0.0,True
40.0079,0.2036,0.4414,6,-6,-5.6884,1.3437,0.0,True
40.0161,0.296,0.4558,6,-6,-5.6884,1.3437,0.0,True
40.0244,0.2137,0.6359,6,-6,-5.6884,1.3437,0.0,True
40.0328,0.3093,0.4767,6,-6,-5.6884,1.3437,0.0,True
40.0412,0.2183,0.432,6,-6,-5.6884,1.3437,0.0,True
40.0494,0.1362,0.6537,6,-6,-5.6884,1.3437,0.0,True
40.0578,0.3368,0.5657,6,-6,-5.6884,1.3437,0.0,True
40.0661,0.338,0.4,6,-6,-5.6884,1.3437,0.0,True
40.074400000000004,0.306,0.4911,6,-6,-5.6884,1.3437,0.0,True
40.0828,0.3246,0.5023,6,-6,-5.6884,1.3437,0.0,True
40.0912,0.2456,0.3629,6,-6,-5.6884,1.3437,0.0,True
40.9162,0.3306,-0.682,3,6,-5.6884,1.3437,0.0,True
40.9244,0.4673,-0.7351,3,6,-5.6884,1.3437,0.0,True
40.9328,0.4085,-0.4739,3,6,-5.6884,1.3437,0.0,True
40.9412,0.3428,-0.6044,3,6,-5.6884,1.3437,0.0,True
40.949400000000004,0.2107,-0.4676,3,6,-5.6884,1.3437,0.0,True
40.9579,0.3106,-0.6413,3,6,-5.6884,1.3437,0.0,True
40.966100000000004,0.235,-0.5137,3,6,-5.6884,1.3437,0.0,True
40.9745,0.27,-0.548,3,6,-5.6884,1.3437,0.0,True
40.9831,0.1679,-0.6546,3,6,-5.6884,1.3437,0.0,True
40.9912,0.2499,-0.6281,3,6,-5.6884,1.3437,0.0,True
40.9994,0.2309,-0.5789,3,6,-5.6884,1.3437,0.0,True
41.0079,0.2477,-0.5983,3,6,-5.6884,1.3437,0.0,True
41.0161,0.326,-0.7342,3,6,-5.6884,1.3437,0.0,True
41.0244,0.184,-0.6457,3,6,-5.6884,1.3437,0.0,True
41.0328,0.3758,-0.9253,3,6,-5.6884,1.3437,0.0,True
41.0412,0.1732,-0.7045,3,6,-5.6884,1.3437,0.0,True
41.0494,0.2247,-0.6849,3,6,-5.6884,1.3437,0.0,True
41.0578,0.1698,-0.593,3,6,-5.6884,1.3437,0.0,True
41.0662,0.1904,-0.7188,3,6,-5.6884,1.3437,0.0,True
41.074400000000004,0.2152,-0.5961,3,6,-5.6884,1.3437,0.0,True
41.0828,0.2537,-0.6362,3,6,-5.6884,1.3437,0.0,True
41.091100000000004,0.0121,-0.7214,3,6,-5.6884,1.3437,0.0,True
41.0994,0.0991,-0.5644,3,6,-5.6884,1.3437,0.0,True
41.1078,0.05,-0.6956,3,6,-5.6884,1.3437,0.0,True
41.1162,0.1744,-0.5786,3,6,-5.6884,1.3437,0.0,True
41.1244,0.0214,-0.6689,3,6,-5.6884,1.3437,0.0,True
41.1328,0.1303,-0.7147,3,6,-5.6884,1.3437,0.0,True
41.1411,0.0387,-0.5445,3,6,-5.6884,1.3437,0.0,True
41.1494,0.1913,-0.486,3,6,-5.6884,1.3437,0.0,True
41.1578,0.151,-0.686,3,6,-5.6884,1.3437,0.0,True
41.1662,0.1496,-0.7327,3,6,-5.6884,1.3437,0.0,True
41.1744,0.162,-0.6873,3,6,-5.6884,1.3437,0.0,True
41.1828,0.0674,-0.6275,3,6,-5.6884,1.3437,0.0,True
41.1912,0.0004,-0.6124,3,6,-5.6884,1.3437,0.0,True
41.1995,0.0914,-0.7052,3,6,-5.6884,1.3437,0.0,True
41.2079,0.3242,-0.6578,3,6,-5.6884,1.3437,0.0,True
41.216100000000004,-0.0396,-0.6677,3,6,-5.6884,1.3437,0.0,True
41.2244,0.0126,-0.5987,3,6,-5.6884,1.3437,0.0,True
41.2328,-0.0391,-0.5546,3,6,-5.6884,1.3437,0.0,True
41.2412,0.1284,-0.5836,3,6,-5.6884,1.3437,0.0,True
41.2494,0.1319,-0.5803,3,6,-5.6884,1.3437,0.0,True
41.2579,0.0212,-0.6017,3,6,-5.6884,1.3437,0.0,True
41.2662,0.1222,-0.6933,3,6,-5.6884,1.3437,0.0,True
41.2745,0.0652,-0.5818,3,6,-5.6884,1.3437,0.0,True
41.2828,0.1579,-0.6319,3,6,-5.6884,1.3437,0.0,True
41.2912,0.1701,-0.5816,3,6,-5.6884,1.3437,0.0,True
41.2994,0.0292,-0.5958,3,6,-5.6884,1.3437,0.0,True
41.3078,0.0282,-0.6706,3,6,-5.6884,1.3437,0.0,True
41.3162,0.019,-0.7113,3,6,-5.6884,1.3437,0.0,True
41.3245,-0.0932,-0.5668,3,6,-5.6884,1.3437,0.0,True
41.3328,0.0169,-0.6107,3,6,-5.6884,1.3437,0.0,True
41.3412,0.1173,-0.6693,3,6,-5.6884,1.3437,0.0,True
41.3495,0.0588,-0.7108,3,6,-5.6884,1.3437,0.0,True
41.358000000000004,-0.0634,-0.693,3,6,-5.6884,1.3437,0.0,True
41.3662,0.0252,-0.7909,3,6,-5.6884,1.3437,0.0,True
41.3745,-0.0394,-0.7331,3,6,-5.6884,1.3437,0.0,True
41.3828,0.0182,-0.771,3,6,-5.6884,1.3437,0.0,True
41.3913,0.1002,-0.8004,3,6,-5.6884,1.3437,0.0,True
41.3994,0.0028,-0.5977,3,6,-5.6884,1.3437,0.0,True
41.4079,-0.0743,-0.6173,3,6,-5.6884,1.3437,0.0,True
41.4161,-0.0675,-0.6078,3,6,-5.6884,1.3437,0.0,True
41.4244,-0.1314,-0.6795,3,6,-5.6884,1.3437,0.0,True
41.4328,-0.0112,-0.5287,3,6,-5.6884,1.3437,0.0,True
41.4413,0.1207,-0.4011,3,6,-5.6884,1.3437,0.0,True
41.4495,0.0547,-0.4606,3,6,-5.6884,1.3437,0.0,True
41.4579,0.0133,-0.3672,3,6,-5.6884,1.3437,0.0,True
41.4662,-0.0483,-0.438,3,6,-5.6884,1.3437,0.0,True
41.4744,0.1076,-0.4667,3,6,-5.6884,1.3437,0.0,True
41.483000000000004,0.0833,-0.4633,3,6,-5.6884,1.3437,0.0,True
41.4912,0.0585,-0.42,3,6,-5.6884,1.3437,0.0,True
41.4994,0.044,-0.4454,3,6,-5.6884,1.3437,0.0,True
41.508,0.0118,-0.5538,3,6,-5.6884,1.3437,0.0,True
41.5161,0.1244,-0.5563,3,6,-5.6884,1.3437,0.0,True
41.5245,0.0333,-0.6001,3,6,-5.6884,1.3437,0.0,True
41.5328,0.0377,-0.4269,3,6,-5.6884,1.3437,0.0,True
41.5412,-0.0733,-0.5132,3,6,-5.6884,1.3437,0.0,True
41.5494,-0.0702,-0.4537,3,6,-5.6884,1.3437,0.0,True
41.557900000000004,0.0873,-0.4453,3,6,-5.6884,1.3437,0.0,True
41.5662,0.1305,-0.5668,3,6,-5.6884,1.3437,0.0,True
41.5745,0.0689,-0.453,3,6,-5.6884,1.3437,0.0,True
41.5828,-0.0766,-0.4201,3,6,-5.6884,1.3437,0.0,True
41.5912,0.0856,-0.4466,3,6,-5.6884,1.3437,0.0,True
41.5995,-0.0399,-0.4248,3,6,-5.6884,1.3437,0.0,True
41.608000000000004,-0.0598,-0.3008,3,6,-5.6884,1.3437,0.0,True
41.6161,0.1008,-0.1988,3,6,-5.6884,1.3437,0.0,True
41.6245,0.0877,-0.291,3,6,-5.6884,1.3437,0.0,True
41.6329,0.2191,-0.2789,3,6,-5.6884,1.3437,0.0,True
41.6412,0.1313,-0.3181,3,6,-5.6884,1.3437,0.0,True
41.6494,0.0222,-0.2387,3,6,-5.6884,1.3437,0.0,True
41.6578,0.0105,-0.2734,3,6,-5.6884,1.3437,0.0,True
41.6662,-0.0691,-0.3017,3,6,-5.6884,1.3437,0.0,True
41.6745,0.028,-0.2798,3,6,-5.6884,1.3437,0.0,True
41.6828,0.079,-0.2597,3,6,-5.6884,1.3437,0.0,True
41.6911,0.0935,-0.2337,3,6,-5.6884,1.3437,0.0,True
41.699400000000004,0.1677,-0.3915,3,6,-5.6884,1.3437,0.0,True
41.708,0.0117,-0.1703,3,6,-5.6884,1.3437,0.0,True
41.716100000000004,0.086,-0.2765,3,6,-5.6884,1.3437,0.0,True
41.7244,-0.0076,-0.2783,3,6,-5.6884,1.3437,0.0,True
42.5495,0.2817,0.1481,0,-6,-5.6884,1.3437,0.0,True
42.557900000000004,0.2083,0.0942,0,-6,-5.6884,1.3437,0.0,True
42.5661,0.3769,0.0159,0,-6,-5.6884,1.3437,0.0,True
42.574600000000004,0.325,0.1823,0,-6,-5.6884,1.3437,0.0,True
42.5828,0.3814,0.0965,0,-6,-5.6884,1.3437,0.0,True
42.5912,0.4927,0.0864,0,-6,-5.6884,1.3437,0.0,True
42.5997,0.3911,-0.0456,0,-6,-5.6884,1.3437,0.0,True
42.6078,0.313,-0.0092,0,-6,-5.6884,1.3437,0.0,True
42.6161,0.2559,0.0102,0,-6,-5.6884,1.3437,0.0,True
42.6246,0.3964,0.0248,0,-6,-5.6884,1.3437,0.0,True
42.6329,0.2313,0.0429,0,-6,-5.6884,1.3437,0.0,True
42.6412,0.2297,0.042,0,-6,-5.6884,1.3437,0.0,True
42.6496,0.2159,-0.1117,0,-6,-5.6884,1.3437,0.0,True
42.6579,0.5085,0.0709,0,-6,-5.6884,1.3437,0.0,True
42.6661,0.4453,-0.1118,0,-6,-5.6884,1.3437,0.0,True
42.6746,0.3477,0.0559,0,-6,-5.6884,1.3437,0.0,True
42.6828,0.3739,0.0438,0,-6,-5.6884,1.3437,0.0,True
42.6912,0.367,0.0341,0,-6,-5.6884,1.3437,0.0,True
42.699600000000004,0.456,0.0214,0,-6,-5.6884,1.3437,0.0,True
42.7079,0.4326,-0.1809,0,-6,-5.6884,1.3437,0.0,True
42.7162,0.619,0.001,0,-6,-5.6884,1.3437,0.0,True
42.7246,0.3037,-0.1052,0,-6,-5.6884,1.3437,0.0,True
42.7328,0.2507,-0.0811,0,-6,-5.6884,1.3437,0.0,True
42.7412,0.3401,0.052,0,-6,-5.6884,1.3437,0.0,True
42.7495,0.2045,0.3492,0,-6,-5.6884,1.3437,0.0,True
42.7577,0.076,0.4431,0,-6,-5.6884,1.3437,0.0,True
42.7662,0.3312,0.3857,0,-6,-5.6884,1.3437,0.0,True
42.7746,0.3351,0.3176,0,-6,-5.6884,1.3437,0.0,True
42.7829,0.2064,0.2264,0,-6,-5.6884,1.3437,0.0,True
42.7912,0.2095,0.1976,0,-6,-5.6884,1.3437,0.0,True
42.7996,0.1678,0.1997,0,-6,-5.6884,1.3437,0.0,True
42.8078,0.3191,0.2215,0,-6,-5.6884,1.3437,0.0,True
42.8161,0.2477,0.3311,0,-6,-5.6884,1.3437,0.0,True
42.824600000000004,0.4727,0.2462,0,-6,-5.6884,1.3437,0.0,True
42.8331,0.2866,0.3115,0,-6,-5.6884,1.3437,0.0,True
42.841300000000004,0.4585,0.4523,0,-6,-5.6884,1.3437,0.0,True
42.8496,0.0748,0.3598,0,-6,-5.6884,1.3437,0.0,True
42.8578,0.4183,0.5416,0,-6,-5.6884,1.3437,0.0,True
42.8661,0.2682,0.4777,0,-6,-5.6884,1.3437,0.0,True
42.8746,0.1995,0.2255,0,-6,-5.6884,1.3437,0.0,True
42.8828,0.4149,0.4398,0,-6,-5.6884,1.3437,0.0,True
42.8912,0.2642,0.2329,0,-6,-5.6884,1.3437,0.0,True
42.8996,0.4358,0.2592,0,-6,-5.6884,1.3437,0.0,True
42.9078,0.3158,0.4778,0,-6,-5.6884,1.3437,0.0,True
42.9162,0.2376,0.1577,0,-6,-5.6884,1.3437,0.0,True
42.9246,0.1588,0.4341,0,-6,-5.6884,1.3437,0.0,True
42.9328,0.2671,0.3494,0,-6,-5.6884,1.3437,0.0,True
42.9412,0.2104,0.4177,0,-6,-5.6884,1.3437,0.0,True
42.9497,0.2464,0.606,0,-6,-5.6884,1.3437,0.0,True
42.958,-0.0222,0.4513,0,-6,-5.6884,1.3437,0.0,True
42.966100000000004,0.1526,0.6616,0,-6,-5.6884,1.3437,0.0,True
42.9745,0.1989,0.583,0,-6,-5.6884,1.3437,0.0,True
42.9828,0.0451,0.4647,0,-6,-5.6884,1.3437,0.0,True
42.9913,0.0728,0.5386,0,-6,-5.6884,1.3437,0.0,True
42.9996,-0.0505,0.4711,0,-6,-5.6884,1.3437,0.0,True
43.0081,0.1444,0.6644,0,-6,-5.6884,1.3437,0.0,True
43.0162,0.1183,0.3797,0,-6,-5.6884,1.3437,0.0,True
43.0246,0.1639,0.7166,0,-6,-5.6884,1.3437,0.0,True
43.0328,0.1151,0.6282,0,-6,-5.6884,1.3437,0.0,True
43.0412,0.1871,0.6182,0,-6,-5.6884,1.3437,0.0,True
43.0495,-0.0813,0.579,0,-6,-5.6884,1.3437,0.0,True
43.057700000000004,-0.0205,0.5135,0,-6,-5.6884,1.3437,0.0,True
43.0662,0.0633,0.5248,0,-6,-5.6884,1.3437,0.0,True
43.0745,-0.0052,0.4372,0,-6,-5.6884,1.3437,0.0,True
43.0828,0.0678,0.5018,0,-6,-5.6884,1.3437,0.0,True
43.0912,0.0139,0.6655,0,-6,-5.6884,1.3437,0.0,True
43.0996,0.0726,0.5695,0,-6,-5.6884,1.3437,0.0,True
43.1078,0.148,0.4508,0,-6,-5.6884,1.3437,0.0,True
43.1162,0.0751,0.8327,0,-6,-5.6884,1.3437,0.0,True
43.1246,-0.1065,0.4437,0,-6,-5.6884,1.3437,0.0,True
43.1329,0.0762,0.5349,0,-6,-5.6884,1.3437,0.0,True
43.1412,0.2155,0.6541,0,-6,-5.6884,1.3437,0.0,True
43.1496,-0.1052,0.4426,0,-6,-5.6884,1.3437,0.0,True
43.1578,-0.1223,0.4857,0,-6,-5.6884,1.3437,0.0,True
43.1662,0.0377,0.4209,0,-6,-5.6884,1.3437,0.0,True
43.1746,-0.0819,0.5223,0,-6,-5.6884,1.3437,0.0,True
43.1828,0.1556,0.5129,0,-6,-5.6884,1.3437,0.0,True
43.1912,-0.1624,0.4943,0,-6,-5.6884,1.3437,0.0,True
43.1995,-0.3091,0.4148,0,-6,-5.6884,1.3437,0.0,True
43.2079,-0.2227,0.5042,0,-6,-5.6884,1.3437,0.0,True
43.216100000000004,-0.2149,0.4447,0,-6,-5.6884,1.3437,0.0,True
43.2246,-0.3729,0.2839,0,-6,-5.6884,1.3437,0.0,True
43.2328,0.031,0.4227,0,-6,-5.6884,1.3437,0.0,True
43.2412,-0.007,0.4097,0,-6,-5.6884,1.3437,0.0,True
43.2496,-0.2439,0.3212,0,-6,-5.6884,1.3437,0.0,True
43.2578,0.0612,0.591,0,-6,-5.6884,1.3437,0.0,True
43.2662,0.0018,0.5015,0,-6,-5.6884,1.3437,0.0,True
43.2746,0.0717,0.3972,0,-6,-5.6884,1.3437,0.0,True
43.2828,-0.2118,0.4253,0,-6,-5.6884,1.3437,0.0,True
43.2913,-0.2871,0.4873,0,-6,-5.6884,1.3437,0.0,True
43.2997,-0.1048,0.6167,0,-6,-5.6884,1.3437,0.0,True
43.307900000000004,0.1515,0.6812,0,-6,-5.6884,1.3437,0.0,True
43.3162,-0.0963,0.6244,0,-6,-5.6884,1.3437,0.0,True
43.324600000000004,0.0512,0.5891,0,-6,-5.6884,1.3437,0.0,True
43.3328,-0.2076,0.452,0,-6,-5.6884,1.3437,0.0,True
43.3412,0.0117,0.6415,0,-6,-5.6884,1.3437,0.0,True
43.3496,0.0716,0.5679,0,-6,-5.6884,1.3437,0.0,True
43.3578,-0.0224,0.6522,0,-6,-5.6884,1.3437,0.0,True
43.3661,-0.0838,0.5179,0,-6,-5.6884,1.3437,0.0,True
43.3746,-0.3647,0.6789,0,-6,-5.6884,1.3437,0.0,True
43.3828,-0.3431,0.3507,0,-6,-5.6884,1.3437,0.0,True
43.3912,-0.1799,0.3738,0,-6,-5.6884,1.3437,0.0,True
43.3996,-0.129,0.4989,0,-6,-5.6884,1.3437,0.0,True
43.4079,-0.1491,0.4749,0,-6,-5.6884,1.3437,0.0,True
43.4162,-0.2337,0.5852,0,-6,-5.6884,1.3437,0.0,True
43.4246,-0.4227,0.6356,0,-6,-5.6884,1.3437,0.0,True
43.4328,-0.2348,0.665,0,-6,-5.6884,1.3437,0.0,True
43.4412,0.0009,0.7537,0,-6,-5.6884,1.3437,0.0,True
43.449600000000004,-0.2212,0.7454,0,-6,-5.6884,1.3437,0.0,True
43.4578,0.0292,0.9072,0,-6,-5.6884,1.3437,0.0,True
43.466100000000004,0.0868,0.8761,0,-6,-5.6884,1.3437,0.0,True
43.4746,0.0297,0.8621,0,-6,-5.6884,1.3437,0.0,True
43.4828,-0.0623,0.9176,0,-6,-5.6884,1.3437,0.0,True
43.4912,-0.141,0.7077,0,-6,-5.6884,1.3437,0.0,True
43.4996,-0.0994,0.8123,0,-6,-5.6884,1.3437,0.0,True
43.5078,0.0705,1.0454,0,-6,-5.6884,1.3437,0.0,True
43.5162,0.0785,1.0139,0,-6,-5.6884,1.3437,0.0,True
43.5247,-0.3104,0.8478,0,-6,-5.6884,1.3437,0.0,True
43.5329,-0.0221,0.8272,0,-6,-5.6884,1.3437,0.0,True
43.5412,-0.1678,0.949,0,-6,-5.6884,1.3437,0.0,True
43.5495,-0.0227,0.7055,0,-6,-5.6884,1.3437,0.0,True
43.5578,0.0579,0.6959,0,-6,-5.6884,1.3437,0.0,True
43.5662,-0.2838,0.7989,0,-6,-5.6884,1.3437,0.0,True
43.5747,-0.0774,0.7043,0,-6,-5.6884,1.3437,0.0,True
43.5828,-0.2821,0.5522,0,-6,-5.6884,1.3437,0.0,True
43.5912,-0.3602,0.7534,0,-6,-5.6884,1.3437,0.0,True
43.5996,-0.3544,0.812,0,-6,-5.6884,1.3437,0.0,True
43.6078,-0.2108,0.801,0,-6,-5.6884,1.3437,0.0,True
43.6161,0.0167,0.698,0,-6,-5.6884,1.3437,0.0,True
43.6246,-0.307,0.7674,0,-6,-5.6884,1.3437,0.0,True
43.6328,-0.0843,0.5796,0,-6,-5.6884,1.3437,0.0,True
43.6412,-0.1688,0.7693,0,-6,-5.6884,1.3437,0.0,True
43.6496,-0.2013,0.6393,0,-6,-5.6884,1.3437,0.0,True
43.6577,-0.229,0.6607,0,-6,-5.6884,1.3437,0.0,True
43.6663,-0.2169,0.6773,0,-6,-5.6884,1.3437,0.0,True
43.6746,-0.1954,0.7651,0,-6,-5.6884,1.3437,0.0,True
43.6828,-0.1997,0.522,0,-6,-5.6884,1.3437,0.0,True
43.6913,-0.2287,0.6984,0,-6,-5.6884,1.3437,0.0,True
43.699600000000004,-0.2019,0.7152,0,-6,-5.6884,1.3437,0.0,True
43.708,-0.1404,0.6683,0,-6,-5.6884,1.3437,0.0,True
43.7162,-0.2342,0.8524,0,-6,-5.6884,1.3437,0.0,True
43.7245,-0.2479,0.9877,0,-6,-5.6884,1.3437,0.0,True
43.7328,-0.3356,1.0839,0,-6,-5.6884,1.3437,0.0,True
43.7412,-0.1336,1.0865,0,-6,-5.6884,1.3437,0.0,True
43.7495,-0.2505,0.8794,0,-6,-5.6884,1.3437,0.0,True
43.7578,-0.1496,1.0315,0,-6,-5.6884,1.3437,0.0,True
43.7661,0.1089,0.9364,0,-6,-5.6884,1.3437,0.0,True
43.7746,-0.198,0.9792,0,-6,-5.6884,1.3437,0.0,True
43.7828,-0.1806,0.975,0,-6,-5.6884,1.3437,0.0,True
43.7912,-0.161,0.8418,0,-6,-5.6884,1.3437,0.0,True
43.7996,-0.1514,0.7322,0,-6,-5.6884,1.3437,0.0,True
43.8078,-0.1052,0.9672,0,-6,-5.6884,1.3437,0.0,True
43.8162,0.0159,0.9673,0,-6,-5.6884,1.3437,0.0,True
43.824600000000004,-0.1112,1.0771,0,-6,-5.6884,1.3437,0.0,True
43.8328,-0.3626,0.8053,0,-6,-5.6884,1.3437,0.0,True
43.8412,-0.4025,1.0837,0,-6,-5.6884,1.3437,0.0,True
43.8496,-0.3016,1.0333,0,-6,-5.6884,1.3437,0.0,True
43.8578,-0.4176,1.0389,0,-6,-5.6884,1.3437,0.0,True
43.8662,-0.2056,1.2044,0,-6,-5.6884,1.3437,0.0,True
43.8746,-0.407,1.2817,0,-6,-5.6884,1.3437,0.0,True
43.8828,-0.4042,1.0435,0,-6,-5.6884,1.3437,0.0,True
43.8912,-0.3141,1.1831,0,-6,-5.6884,1.3437,0.0,True
43.8996,-0.8162,0.9815,0,-6,-5.6884,1.3437,0.0,True
43.9079,-0.3954,1.3376,0,-6,-5.6884,1.3437,0.0,True
43.9163,-0.7235,1.121,0,-6,-5.6884,1.3437,0.0,True
43.9246,-0.2341,1.2241,0,-6,-5.6884,1.3437,0.0,True
43.9328,-0.4349,1.1404,0,-6,-5.6884,1.3437,0.0,True
43.9412,-0.5289,1.3074,0,-6,-5.6884,1.3437,0.0,True
43.9495,-0.4028,1.3599,0,-6,-5.6884,1.3437,0.0,True
43.9577,-0.3915,1.4918,0,-6,-5.6884,1.3437,0.0,True
43.966100000000004,-0.4094,1.4736,0,-6,-5.6884,1.3437,0.0,True
43.9746,-0.6798,1.4414,0,-6,-5.6884,1.3437,0.0,True
43.9828,-0.5667,1.4061,0,-6,-5.6884,1.3437,0.0,True
43.9912,-0.5072,1.4158,0,-6,-5.6884,1.3437,0.0,True
43.9996,-0.3749,1.4453,0,-6,-5.6884,1.3437,0.0,True
44.0078,-0.4845,1.3717,0,-6,-5.6884,1.3437,0.0,True
44.0161,-0.6245,1.3823,0,-6,-5.6884,1.3437,0.0,True
44.0246,-0.6329,1.2227,0,-6,-5.6884,1.3437,0.0,True
44.0329,-0.6223,1.6448,0,-6,-5.6884,1.3437,0.0,True
44.0412,-0.7101,1.4732,0,-6,-5.6884,1.3437,0.0,True
44.0496,-0.3808,1.5122,0,-6,-5.6884,1.3437,0.0,True
44.057700000000004,-0.3928,1.342,0,-6,-5.6884,1.3437,0.0,True
44.0662,-0.7937,1.4778,0,-6,-5.6884,1.3437,0.0,True
44.074600000000004,-0.669,1.4627,0,-6,-5.6884,1.3437,0.0,True
45.1578,-0.2556,-0.4511,-6,3,-5.6884,1.3437,0.0,True
45.1662,-0.0444,-0.3185,-6,3,-5.6884,1.3437,0.0,True
45.1746,-0.1552,-0.2666,-6,3,-5.6884,1.3437,0.0,True
45.1828,-0.1555,-0.2143,-6,3,-5.6884,1.3437,0.0,True
45.1912,-0.307,-0.1619,-6,3,-5.6884,1.3437,0.0,True
45.199600000000004,-0.2496,-0.1337,-6,3,-5.6884,1.3437,0.0,True
45.2078,-0.249,-0.2301,-6,3,-5.6884,1.3437,0.0,True
45.216100000000004,-0.4228,-0.0768,-6,3,-5.6884,1.3437,0.0,True
45.2246,-0.3671,-0.0813,-6,3,-5.6884,1.3437,0.0,True
45.2328,-0.2966,-0.1411,-6,3,-5.6884,1.3437,0.0,True
45.2412,-0.4655,-0.1755,-6,3,-5.6884,1.3437,0.0,True
45.2496,-0.5079,-0.0867,-6,3,-5.6884,1.3437,0.0,True
45.2577,-0.574,-0.0053,-6,3,-5.6884,1.3437,0.0,True
45.2662,-0.4974,-0.1457,-6,3,-5.6884,1.3437,0.0,True
45.2746,-0.4924,-0.1228,-6,3,-5.6884,1.3437,0.0,True
45.2828,-0.5006,-0.1325,-6,3,-5.6884,1.3437,0.0,True
45.2912,-0.4685,-0.0578,-6,3,-5.6884,1.3437,0.0,True
45.2996,-0.4312,-0.0592,-6,3,-5.6884,1.3437,0.0,True
45.307700000000004,-0.4415,-0.063,-6,3,-5.6884,1.3437,0.0,True
45.3162,-0.5721,-0.029,-6,3,-5.6884,1.3437,0.0,True
45.3245,-0.5539,-0.0188,-6,3,-5.6884,1.3437,0.0,True
45.3328,-0.5517,-0.0561,-6,3,-5.6884,1.3437,0.0,True
45.3412,-0.5915,0.0324,-6,3,-5.6884,1.3437,0.0,True
45.3495,-0.5066,0.0503,-6,3,-5.6884,1.3437,0.0,True
45.3577,-0.3318,-0.284,-6,3,-5.6884,1.3437,0.0,True
45.3662,-0.4779,-0.1685,-6,3,-5.6884,1.3437,0.0,True
45.3746,-0.4745,-0.0934,-6,3,-5.6884,1.3437,0.0,True
45.3828,-0.534,-0.0361,-6,3,-5.6884,1.3437,0.0,True
45.3912,-0.4547,-0.1602,-6,3,-5.6884,1.3437,0.0,True
45.3996,-0.4528,-0.1563,-6,3,-5.6884,1.3437,0.0,True
45.4078,-0.4717,-0.165,-6,3,-5.6884,1.3437,0.0,True
45.4161,-0.5198,-0.0563,-6,3,-5.6884,1.3437,0.0,True
45.4247,-0.5061,-0.0964,-6,3,-5.6884,1.3437,0.0,True
45.4328,-0.5453,-0.0659,-6,3,-5.6884,1.3437,0.0,True
45.4412,-0.477,-0.1169,-6,3,-5.6884,1.3437,0.0,True
45.4495,-0.5427,0.0187,-6,3,-5.6884,1.3437,0.0,True
45.4579,-0.5627,-0.0156,-6,3,-5.6884,1.3437,0.0,True
45.4662,-0.6117,-0.0176,-6,3,-5.6884,1.3437,0.0,True
45.4746,-0.6065,-0.0838,-6,3,-5.6884,1.3437,0.0,True
45.4828,-0.5786,-0.0069,-6,3,-5.6884,1.3437,0.0,True
45.4912,-0.5524,0.088,-6,3,-5.6884,1.3437,0.0,True
45.4996,-0.6245,0.1206,-6,3,-5.6884,1.3437,0.0,True
45.5078,-0.4987,0.1136,-6,3,-5.6884,1.3437,0.0,True
45.5162,-0.4691,0.0165,-6,3,-5.6884,1.3437,0.0,True
45.5246,-0.5603,0.1807,-6,3,-5.6884,1.3437,0.0,True
45.5328,-0.6316,0.1208,-6,3,-5.6884,1.3437,0.0,True
45.5412,-0.6721,0.1645,-6,3,-5.6884,1.3437,0.0,True
45.5495,-0.6991,0.0876,-6,3,-5.6884,1.3437,0.0,True
45.5578,-0.5542,0.0915,-6,3,-5.6884,1.3437,0.0,True
45.5661,-0.6039,0.0824,-6,3,-5.6884,1.3437,0.0,True
45.574600000000004,-0.8626,0.1774,-6,3,-5.6884,1.3437,0.0,True
45.5828,-0.7123,-0.0137,-6,3,-5.6884,1.3437,0.0,True
45.5912,-0.7388,0.1065,-6,3,-5.6884,1.3437,0.0,True
45.5996,-0.6248,0.1216,-6,3,-5.6884,1.3437,0.0,True
45.6078,-0.6006,0.2339,-6,3,-5.6884,1.3437,0.0,True
46.4328,-0.0646,0.3606,6,-3,-5.6884,1.3437,0.0,True
46.4412,-0.1755,0.3025,6,-3,-5.6884,1.3437,0.0,True
46.449600000000004,-0.0348,0.2244,6,-3,-5.6884,1.3437,0.0,True
46.4577,-0.0188,0.298,6,-3,-5.6884,1.3437,0.0,True
46.4662,-0.0073,0.2401,6,-3,-5.6884,1.3437,0.0,True
46.4746,0.0756,0.3828,6,-3,-5.6884,1.3437,0.0,True
46.4828,-0.091,0.355,6,-3,-5.6884,1.3437,0.0,True
46.4913,-0.0074,0.3336,6,-3,-5.6884,1.3437,0.0,True
46.4995,-0.1586,0.3965,6,-3,-5.6884,1.3437,0.0,True
46.5078,-0.0075,0.4443,6,-3,-5.6884,1.3437,0.0,True
46.5162,-0.2054,0.5281,6,-3,-5.6884,1.3437,0.0,True
46.5246,-0.2381,0.5814,6,-3,-5.6884,1.3437,0.0,True
46.5328,-0.0992,0.4307,6,-3,-5.6884,1.3437,0.0,True
46.5412,-0.0571,0.4656,6,-3,-5.6884,1.3437,0.0,True
46.5495,-0.1074,0.7578,6,-3,-5.6884,1.3437,0.0,True
46.557900000000004,-0.192,0.4217,6,-3,-5.6884,1.3437,0.0,True
46.5662,-0.0889,0.5151,6,-3,-5.6884,1.3437,0.0,True
46.574600000000004,-0.0524,0.4245,6,-3,-5.6884,1.3437,0.0,True
46.5828,-0.1195,0.7026,6,-3,-5.6884,1.3437,0.0,True
46.5912,-0.0675,0.5159,6,-3,-5.6884,1.3437,0.0,True
46.5995,-0.0671,0.8075,6,-3,-5.6884,1.3437,0.0,True
46.6079,-0.0417,0.5869,6,-3,-5.6884,1.3437,0.0,True
46.6161,0.0487,0.4517,6,-3,-5.6884,1.3437,0.0,True
46.6246,-0.1888,0.5324,6,-3,-5.6884,1.3437,0.0,True
46.6328,-0.0857,0.5237,6,-3,-5.6884,1.3437,0.0,True
46.6413,-0.0321,0.4987,6,-3,-5.6884,1.3437,0.0,True
46.6496,-0.0502,0.5737,6,-3,-5.6884,1.3437,0.0,True
46.6577,-0.0313,0.5168,6,-3,-5.6884,1.3437,0.0,True
46.6662,0.1003,0.6974,6,-3,-5.6884,1.3437,0.0,True
46.6746,0.1059,0.5483,6,-3,-5.6884,1.3437,0.0,True
46.6828,0.0143,0.5089,6,-3,-5.6884,1.3437,0.0,True
46.6912,0.1132,0.5004,6,-3,-5.6884,1.3437,0.0,True
46.699600000000004,-0.1624,0.6252,6,-3,-5.6884,1.3437,0.0,True
46.7078,-0.1377,0.3909,6,-3,-5.6884,1.3437,0.0,True
46.716100000000004,-0.0801,0.4122,6,-3,-5.6884,1.3437,0.0,True
46.7246,-0.1328,0.4541,6,-3,-5.6884,1.3437,0.0,True
46.7327,-0.0407,0.3636,6,-3,-5.6884,1.3437,0.0,True
46.7412,0.24,0.5777,6,-3,-5.6884,1.3437,0.0,True
46.7495,-0.0777,0.3404,6,-3,-5.6884,1.3437,0.0,True
46.7577,-0.165,0.532,6,-3,-5.6884,1.3437,0.0,True
46.7662,-0.014,0.6941,6,-3,-5.6884,1.3437,0.0,True
46.7745,-0.1514,0.4632,6,-3,-5.6884,1.3437,0.0,True
46.7828,-0.0943,0.5344,6,-3,-5.6884,1.3437,0.0,True
46.7912,0.0585,0.4029,6,-3,-5.6884,1.3437,0.0,True
46.7997,-0.0774,0.3767,6,-3,-5.6884,1.3437,0.0,True
46.807700000000004,-0.1271,0.3054,6,-3,-5.6884,1.3437,0.0,True
46.8161,-0.1662,0.3679,6,-3,-5.6884,1.3437,0.0,True
46.8247,-0.0004,0.4201,6,-3,-5.6884,1.3437,0.0,True
46.8327,-0.0779,0.3319,6,-3,-5.6884,1.3437,0.0,True
46.8412,0.0142,0.5523,6,-3,-5.6884,1.3437,0.0,True
46.8496,0.1235,0.6568,6,-3,-5.6884,1.3437,0.0,True
46.8578,0.0919,0.6854,6,-3,-5.6884,1.3437,0.0,True
46.8661,-0.0614,0.5998,6,-3,-5.6884,1.3437,0.0,True
46.874700000000004,-0.0154,0.4881,6,-3,-5.6884,1.3437,0.0,True
46.8827,0.0783,0.6657,6,-3,-5.6884,1.3437,0.0,True
46.8912,0.0773,0.6268,6,-3,-5.6884,1.3437,0.0,True
46.8995,0.1123,0.5809,6,-3,-5.6884,1.3437,0.0,True
46.9077,0.0434,0.747,6,-3,-5.6884,1.3437,0.0,True
46.9162,0.0661,0.7561,6,-3,-5.6884,1.3437,0.0,True
46.9246,0.1385,0.5722,6,-3,-5.6884,1.3437,0.0,True
46.932700000000004,0.2732,0.6532,6,-3,-5.6884,1.3437,0.0,True
46.9412,0.0944,0.5262,6,-3,-5.6884,1.3437,0.0,True
46.9495,0.1886,0.6688,6,-3,-5.6884,1.3437,0.0,True
46.9577,0.0119,0.7862,6,-3,-5.6884,1.3437,0.0,True
46.9662,0.089,0.6616,6,-3,-5.6884,1.3437,0.0,True
46.9746,-0.0053,0.7407,6,-3,-5.6884,1.3437,0.0,True
46.9827,0.1454,0.9667,6,-3,-5.6884,1.3437,0.0,True
46.9912,-0.0194,0.6889,6,-3,-5.6884,1.3437,0.0,True
46.9996,0.0854,0.7864,6,-3,-5.6884,1.3437,0.0,True
47.0077,0.0974,0.7758,6,-3,-5.6884,1.3437,0.0,True
47.0161,0.0079,0.841,6,-3,-5.6884,1.3437,0.0,True
47.0246,-0.0504,0.8421,6,-3,-5.6884,1.3437,0.0,True
47.0327,0.07,0.6756,6,-3,-5.6884,1.3437,0.0,True
47.0411,0.0019,0.7227,6,-3,-5.6884,1.3437,0.0,True
47.0497,-0.1181,0.803,6,-3,-5.6884,1.3437,0.0,True
47.057700000000004,0.1481,0.6768,6,-3,-5.6884,1.3437,0.0,True
47.0662,0.0306,0.7676,6,-3,-5.6884,1.3437,0.0,True
47.074600000000004,-0.0243,0.6925,6,-3,-5.6884,1.3437,0.0,True
47.0827,-0.0131,0.6398,6,-3,-5.6884,1.3437,0.0,True
47.0912,0.0848,0.6873,6,-3,-5.6884,1.3437,0.0,True
47.0995,0.0742,0.5393,6,-3,-5.6884,1.3437,0.0,True
47.1077,-0.1242,0.849,6,-3,-5.6884,1.3437,0.0,True
47.1162,0.0588,0.7903,6,-3,-5.6884,1.3437,0.0,True
47.1246,-0.0044,0.6655,6,-3,-5.6884,1.3437,0.0,True
47.1327,0.1193,0.7129,6,-3,-5.6884,1.3437,0.0,True
47.1412,0.1177,0.7163,6,-3,-5.6884,1.3437,0.0,True
47.1495,-0.0222,0.5962,6,-3,-5.6884,1.3437,0.0,True
47.1577,-0.0616,0.5465,6,-3,-5.6884,1.3437,0.0,True
47.1662,-0.044,0.5599,6,-3,-5.6884,1.3437,0.0,True
47.1746,0.025,0.4942,6,-3,-5.6884,1.3437,0.0,True
47.182700000000004,-0.0736,0.5305,6,-3,-5.6884,1.3437,0.0,True
47.1911,-0.0239,0.5417,6,-3,-5.6884,1.3437,0.0,True
47.199600000000004,-0.0409,0.5686,6,-3,-5.6884,1.3437,0.0,True
47.2077,0.0766,0.7575,6,-3,-5.6884,1.3437,0.0,True
47.2162,0.0217,0.4068,6,-3,-5.6884,1.3437,0.0,True
47.2246,0.0394,0.4834,6,-3,-5.6884,1.3437,0.0,True
47.2327,-0.0547,0.6885,6,-3,-5.6884,1.3437,0.0,True
47.2412,-0.1027,0.61,6,-3,-5.6884,1.3437,0.0,True
47.2496,0.0992,0.485,6,-3,-5.6884,1.3437,0.0,True
47.2577,-0.07,0.7119,6,-3,-5.6884,1.3437,0.0,True
47.2662,-0.1377,0.5573,6,-3,-5.6884,1.3437,0.0,True
47.2746,-0.0373,0.6342,6,-3,-5.6884,1.3437,0.0,True
47.2827,-0.1809,0.5634,6,-3,-5.6884,1.3437,0.0,True
47.2912,-0.1555,0.5662,6,-3,-5.6884,1.3437,0.0,True
47.2996,-0.1119,0.7717,6,-3,-5.6884,1.3437,0.0,True
47.307700000000004,-0.0988,0.5459,6,-3,-5.6884,1.3437,0.0,True
47.3162,-0.105,0.7328,6,-3,-5.6884,1.3437,0.0,True
47.324600000000004,0.1445,0.5668,6,-3,-5.6884,1.3437,0.0,True
47.3327,-0.1019,0.4552,6,-3,-5.6884,1.3437,0.0,True
47.341300000000004,-0.1536,0.4532,6,-3,-5.6884,1.3437,0.0,True
47.3496,-0.1169,0.5496,6,-3,-5.6884,1.3437,0.0,True
47.3577,-0.1084,0.6241,6,-3,-5.6884,1.3437,0.0,True
47.3662,-0.0782,0.5683,6,-3,-5.6884,1.3437,0.0,True
48.1912,-0.3221,0.8321,-6,0,-5.6884,1.3437,1.0,True
48.199400000000004,-0.4212,0.79,-6,0,-5.6884,1.3437,1.0,True
48.2077,-0.3581,0.6977,-6,0,-5.6884,1.3437,1.0,True
48.2162,-0.3824,0.7336,-6,0,-5.6884,1.3437,1.0,True
48.2243,-0.3006,0.7645,-6,0,-5.6884,1.3437,1.0,True
48.2327,-0.4715,0.9243,-6,0,-5.6884,1.3437,1.0,True
48.2412,-0.3935,0.8361,-6,0,-5.6884,1.3437,1.0,True
48.2493,-0.2674,0.8006,-6,0,-5.6884,1.3437,1.0,True
48.2577,-0.1958,0.7768,-6,0,-5.6884,1.3437,1.0,True
48.2663,-0.2407,0.8977,-6,0,-5.6884,1.3437,1.0,True
48.2744,-0.3806,0.6442,-6,0,-5.6884,1.3437,1.0,True
48.2827,-0.3764,0.8223,-6,0,-5.6884,1.3437,1.0,True
48.2912,-0.3268,0.7594,-6,0,-5.6884,1.3437,1.0,True
48.2994,-0.6351,0.8674,-6,0,-5.6884,1.3437,1.0,True
48.307700000000004,-0.3963,0.8612,-6,0,-5.6884,1.3437,1.0,True
48.3162,-0.3441,0.9354,-6,0,-5.6884,1.3437,1.0,True
48.3243,-0.3049,0.7568,-6,0,-5.6884,1.3437,1.0,True
48.3327,-0.5128,0.762,-6,0,-5.6884,1.3437,1.0,True
48.341100000000004,-0.4934,0.9186,-6,0,-5.6884,1.3437,1.0,True
48.3493,-0.3224,0.8831,-6,0,-5.6884,1.3437,1.0,True
48.3577,-0.5035,0.9077,-6,0,-5.6884,1.3437,1.0,True
48.3662,-0.3453,0.9139,-6,0,-5.6884,1.3437,1.0,True
48.3743,-0.2437,0.938,-6,0,-5.6884,1.3437,1.0,True
48.3827,-0.4791,0.8946,-6,0,-5.6884,1.3437,1.0,True
48.3912,-0.447,0.84,-6,0,-5.6884,1.3437,1.0,True
48.399300000000004,-0.4736,0.8979,-6,0,-5.6884,1.3437,1.0,True
48.4077,-0.4386,0.894,-6,0,-5.6884,1.3437,1.0,True
48.4162,-0.6089,0.882,-6,0,-5.6884,1.3437,1.0,True
48.4244,-0.399,0.9357,-6,0,-5.6884,1.3437,1.0,True
48.432700000000004,-0.5384,0.8951,-6,0,-5.6884,1.3437,1.0,True
48.4412,-0.3992,0.796,-6,0,-5.6884,1.3437,1.0,True
48.4493,-0.4336,0.8233,-6,0,-5.6884,1.3437,1.0,True
48.4577,-0.4316,0.8542,-6,0,-5.6884,1.3437,1.0,True
48.4662,-0.5738,0.778,-6,0,-5.6884,1.3437,1.0,True
48.4743,-0.4001,0.9523,-6,0,-5.6884,1.3437,1.0,True
48.4827,-0.5089,0.8676,-6,0,-5.6884,1.3437,1.0,True
48.4912,-0.4697,1.0123,-6,0,-5.6884,1.3437,1.0,True
48.4993,-0.5208,0.8944,-6,0,-5.6884,1.3437,1.0,True
48.5077,-0.4469,0.8449,-6,0,-5.6884,1.3437,1.0,True
48.5162,-0.5262,0.8257,-6,0,-5.6884,1.3437,1.0,True
48.524300000000004,-0.4442,0.8252,-6,0,-5.6884,1.3437,1.0,True
48.5327,-0.5597,0.7814,-6,0,-5.6884,1.3437,1.0,True
48.5412,-0.4581,0.9617,-6,0,-5.6884,1.3437,1.0,True
48.5493,-0.5066,0.9385,-6,0,-5.6884,1.3437,1.0,True
48.557700000000004,-0.4828,0.9092,-6,0,-5.6884,1.3437,1.0,True
48.5661,-0.5097,0.802,-6,0,-5.6884,1.3437,1.0,True
48.5743,-0.5901,0.8857,-6,0,-5.6884,1.3437,1.0,True
48.5827,-0.4184,0.8307,-6,0,-5.6884,1.3437,1.0,True
48.5912,-0.3179,0.9952,-6,0,-5.6884,1.3437,1.0,True
48.5994,-0.2544,0.9548,-6,0,-5.6884,1.3437,1.0,True
48.6077,-0.2773,1.0739,-6,0,-5.6884,1.3437,1.0,True
48.6161,-0.1992,0.8797,-6,0,-5.6884,1.3437,1.0,True
48.6243,-0.259,1.0347,-6,0,-5.6884,1.3437,1.0,True
48.6327,-0.3429,0.9498,-6,0,-5.6884,1.3437,1.0,True
48.6412,-0.3094,0.9468,-6,0,-5.6884,1.3437,1.0,True
48.649300000000004,-0.2692,0.9003,-6,0,-5.6884,1.3437,1.0,True
48.6577,-0.2201,1.0002,-6,0,-5.6884,1.3437,1.0,True
48.6662,-0.3627,1.1471,-6,0,-5.6884,1.3437,1.0,True
48.6743,-0.2689,1.0382,-6,0,-5.6884,1.3437,1.0,True
48.682700000000004,-0.3101,0.9495,-6,0,-5.6884,1.3437,1.0,True
48.6912,-0.2727,0.9065,-6,0,-5.6884,1.3437,1.0,True
48.6993,-0.1881,1.038,-6,0,-5.6884,1.3437,1.0,True
48.7077,-0.2465,0.9862,-6,0,-5.6884,1.3437,1.0,True
48.716300000000004,-0.3363,1.1115,-6,0,-5.6884,1.3437,1.0,True
48.7243,-0.2007,0.9844,-6,0,-5.6884,1.3437,1.0,True
48.7327,-0.2335,0.9943,-6,0,-5.6884,1.3437,1.0,True
48.7412,-0.2061,1.0269,-6,0,-5.6884,1.3437,1.0,True
48.7493,-0.1687,0.8646,-6,0,-5.6884,1.3437,1.0,True
48.7577,-0.2751,0.9461,-6,0,-5.6884,1.3437,1.0,True
48.7662,-0.1878,0.9635,-6,0,-5.6884,1.3437,1.0,True
48.774300000000004,-0.2101,1.0236,-6,0,-5.6884,1.3437,1.0,True
48.7828,-0.1536,0.9546,-6,0,-5.6884,1.3437,1.0,True
48.7912,-0.1921,0.9285,-6,0,-5.6884,1.3437,1.0,True
48.7994,-0.2153,0.9814,-6,0,-5.6884,1.3437,1.0,True
48.807700000000004,-0.313,1.0161,-6,0,-5.6884,1.3437,1.0,True
48.8161,-0.2418,0.9578,-6,0,-5.6884,1.3437,1.0,True
48.824400000000004,-0.1237,0.9623,-6,0,-5.6884,1.3437,1.0,True
48.8327,-0.1599,1.0599,-6,0,-5.6884,1.3437,1.0,True
48.8412,-0.2184,0.9631,-6,0,-5.6884,1.3437,1.0,True
48.8493,-0.1606,1.0394,-6,0,-5.6884,1.3437,1.0,True
48.8577,-0.2881,1.1166,-6,0,-5.6884,1.3437,1.0,True
48.8662,-0.1291,1.109,-6,0,-5.6884,1.3437,1.0,True
48.8744,-0.164,1.0101,-6,0,-5.6884,1.3437,1.0,True
48.8827,-0.2827,1.0475,-6,0,-5.6884,1.3437,1.0,True
48.8911,-0.2825,0.8896,-6,0,-5.6884,1.3437,1.0,True
48.8994,-0.2434,1.0602,-6,0,-5.6884,1.3437,1.0,True
48.9077,-0.2217,0.961,-6,0,-5.6884,1.3437,1.0,True
48.9163,-0.2724,0.9134,-6,0,-5.6884,1.3437,1.0,True
48.9244,-0.2667,0.9702,-6,0,-5.6884,1.3437,1.0,True
48.932700000000004,-0.1346,0.8956,-6,0,-5.6884,1.3437,1.0,True
48.9412,-0.3012,0.8755,-6,0,-5.6884,1.3437,1.0,True
48.9493,-0.2892,1.0538,-6,0,-5.6884,1.3437,1.0,True
48.9577,-0.1816,0.9607,-6,0,-5.6884,1.3437,1.0,True
48.9662,-0.2285,0.9835,-6,0,-5.6884,1.3437,1.0,True
48.9743,-0.2007,0.9624,-6,0,-5.6884,1.3437,1.0,True
48.9827,-0.2998,0.9866,-6,0,-5.6884,1.3437,1.0,True
48.9912,-0.3438,0.9686,-6,0,-5.6884,1.3437,1.0,True
48.9993,-0.2977,0.94,-6,0,-5.6884,1.3437,1.0,True
49.0077,-0.1823,0.895,-6,0,-5.6884,1.3437,1.0,True
49.0162,-0.21,0.8827,-6,0,-5.6884,1.3437,1.0,True
49.024300000000004,-0.2188,0.9313,-6,0,-5.6884,1.3437,1.0,True
49.0327,-0.3904,0.8574,-6,0,-5.6884,1.3437,1.0,True
49.0412,-0.2038,0.9221,-6,0,-5.6884,1.3437,1.0,True
49.0494,-0.2317,0.9708,-6,0,-5.6884,1.3437,1.0,True
49.057700000000004,-0.2651,0.958,-6,0,-5.6884,1.3437,1.0,True
49.0662,-0.2422,0.9596,-6,0,-5.6884,1.3437,1.0,True
49.074400000000004,-0.3488,0.9399,-6,0,-5.6884,1.3437,1.0,True
49.0827,-0.3044,0.8858,-6,0,-5.6884,1.3437,1.0,True
49.0912,-0.2222,0.874,-6,0,-5.6884,1.3437,1.0,True
49.0993,-0.2043,0.7859,-6,0,-5.6884,1.3437,1.0,True
49.1077,-0.3118,0.8807,-6,0,-5.6884,1.3437,1.0,True
49.1163,-0.3905,0.8174,-6,0,-5.6884,1.3437,1.0,True
49.1243,-0.341,0.8743,-6,0,-5.6884,1.3437,1.0,True
49.1327,-0.2729,0.8207,-6,0,-5.6884,1.3437,1.0,True
49.1412,-0.4177,0.8637,-6,0,-5.6884,1.3437,1.0,True
49.149300000000004,-0.4054,0.853,-6,0,-5.6884,1.3437,1.0,True
49.1577,-0.443,0.7489,-6,0,-5.6884,1.3437,1.0,True
49.1662,-0.3704,0.8383,-6,0,-5.6884,1.3437,1.0,True
49.1744,-0.3111,0.7329,-6,0,-5.6884,1.3437,1.0,True
49.182700000000004,-0.3732,0.8198,-6,0,-5.6884,1.3437,1.0,True
49.1912,-0.2805,0.8222,-6,0,-5.6884,1.3437,1.0,True
49.1993,-0.1435,0.7146,-6,0,-5.6884,1.3437,1.0,True
49.2077,-0.2767,0.7738,-6,0,-5.6884,1.3437,1.0,True
49.216100000000004,-0.1627,0.911,-6,0,-5.6884,1.3437,1.0,True
49.2244,-0.2929,0.8376,-6,0,-5.6884,1.3437,1.0,True
49.2327,-0.2325,0.8232,-6,0,-5.6884,1.3437,1.0,True
49.2412,-0.2417,0.7802,-6,0,-5.6884,1.3437,1.0,True
49.2493,-0.2284,0.8517,-6,0,-5.6884,1.3437,1.0,True
49.2577,-0.1636,0.7964,-6,0,-5.6884,1.3437,1.0,True
49.2662,-0.1948,0.6513,-6,0,-5.6884,1.3437,1.0,True
49.274300000000004,-0.2718,0.8288,-6,0,-5.6884,1.3437,1.0,True
49.2827,-0.1963,0.9122,-6,0,-5.6884,1.3437,1.0,True
49.2912,-0.2894,0.7259,-6,0,-5.6884,1.3437,1.0,True
49.2993,-0.1743,0.9,-6,0,-5.6884,1.3437,1.0,True
49.307700000000004,-0.3079,0.7885,-6,0,-5.6884,1.3437,1.0,True
49.3161,-0.3715,0.8555,-6,0,-5.6884,1.3437,1.0,True
49.3243,-0.2078,0.8076,-6,0,-5.6884,1.3437,1.0,True
49.3327,-0.4225,0.8234,-6,0,-5.6884,1.3437,1.0,True
49.3412,-0.2007,0.8659,-6,0,-5.6884,1.3437,1.0,True
49.3493,-0.279,0.8018,-6,0,-5.6884,1.3437,1.0,True
49.3577,-0.254,0.6836,-6,0,-5.6884,1.3437,1.0,True
49.3662,-0.1864,0.7574,-6,0,-5.6884,1.3437,1.0,True
49.3743,-0.1424,0.7095,-6,0,-5.6884,1.3437,1.0,True
49.3827,-0.1435,0.8903,-6,0,-5.6884,1.3437,1.0,True
49.3912,-0.2236,0.8536,-6,0,-5.6884,1.3437,1.0,True
49.399300000000004,-0.0704,0.8156,-6,0,-5.6884,1.3437,1.0,True
50.2243,-0.167,0.8911,0,-3,-5.6884,1.3437,0.0,True
50.2328,-0.2019,1.0584,0,-3,-5.6884,1.3437,0.0,True
50.2411,-0.2014,1.1419,0,-3,-5.6884,1.3437,0.0,True
50.2493,-0.0656,1.136,0,-3,-5.6884,1.3437,0.0,True
50.2577,-0.1633,1.044,0,-3,-5.6884,1.3437,0.0,True
50.2662,0.3168,1.0457,0,-3,-5.6884,1.3437,0.0,True
50.274300000000004,0.0296,1.0726,0,-3,-5.6884,1.3437,0.0,True
50.2827,0.0771,0.96,0,-3,-5.6884,1.3437,0.0,True
50.2912,0.0564,0.919,0,-3,-5.6884,1.3437,0.0,True
50.2993,0.006,1.0413,0,-3,-5.6884,1.3437,0.0,True
50.307700000000004,0.0092,1.0543,0,-3,-5.6884,1.3437,0.0,True
50.3162,0.0436,0.9988,0,-3,-5.6884,1.3437,0.0,True
50.3243,-0.1218,1.0285,0,-3,-5.6884,1.3437,0.0,True
50.3327,-0.0547,0.9963,0,-3,-5.6884,1.3437,0.0,True
50.3412,-0.1522,0.827,0,-3,-5.6884,1.3437,0.0,True
50.3493,-0.0297,0.9058,0,-3,-5.6884,1.3437,0.0,True
50.3577,0.0047,1.0269,0,-3,-5.6884,1.3437,0.0,True
50.3661,-0.081,0.7978,0,-3,-5.6884,1.3437,0.0,True
50.3743,-0.0261,0.9013,0,-3,-5.6884,1.3437,0.0,True
50.3827,-0.1867,1.0402,0,-3,-5.6884,1.3437,0.0,True
50.3912,-0.0986,0.9656,0,-3,-5.6884,1.3437,0.0,True
50.399300000000004,-0.0023,1.1014,0,-3,-5.6884,1.3437,0.0,True
50.4077,-0.1919,0.7607,0,-3,-5.6884,1.3437,0.0,True
50.4161,-0.0769,0.9844,0,-3,-5.6884,1.3437,0.0,True
50.4243,-0.1266,0.9356,0,-3,-5.6884,1.3437,0.0,True
50.432700000000004,-0.094,0.8256,0,-3,-5.6884,1.3437,0.0,True
50.4412,-0.0033,0.9234,0,-3,-5.6884,1.3437,0.0,True
50.4493,-0.0535,1.0868,0,-3,-5.6884,1.3437,0.0,True
50.4577,-0.0359,0.8014,0,-3,-5.6884,1.3437,0.0,True
50.466100000000004,-0.0539,1.0609,0,-3,-5.6884,1.3437,0.0,True
50.4743,0.0401,0.9293,0,-3,-5.6884,1.3437,0.0,True
50.4827,-0.008,0.8647,0,-3,-5.6884,1.3437,0.0,True
50.4912,-0.0095,0.9117,0,-3,-5.6884,1.3437,0.0,True
50.4993,-0.0121,0.856,0,-3,-5.6884,1.3437,0.0,True
50.5077,0.0017,0.8162,0,-3,-5.6884,1.3437,0.0,True
50.5162,0.0305,0.8318,0,-3,-5.6884,1.3437,0.0,True
50.524300000000004,0.0027,0.8985,0,-3,-5.6884,1.3437,0.0,True
50.5327,0.0993,1.051,0,-3,-5.6884,1.3437,0.0,True
50.5411,0.2343,0.8405,0,-3,-5.6884,1.3437,0.0,True
50.5493,0.0378,0.9102,0,-3,-5.6884,1.3437,0.0,True
50.557700000000004,0.1055,1.0033,0,-3,-5.6884,1.3437,0.0,True
50.5662,0.1949,0.9754,0,-3,-5.6884,1.3437,0.0,True
50.5743,0.1853,0.926,0,-3,-5.6884,1.3437,0.0,True
50.5827,0.2036,0.8361,0,-3,-5.6884,1.3437,0.0,True
50.591100000000004,0.1193,0.9377,0,-3,-5.6884,1.3437,0.0,True
50.5993,0.1541,0.8356,0,-3,-5.6884,1.3437,0.0,True
50.6077,0.1205,0.9471,0,-3,-5.6884,1.3437,0.0,True
50.6161,-0.0351,0.8256,0,-3,-5.6884,1.3437,0.0,True
50.6243,0.0964,0.9369,0,-3,-5.6884,1.3437,0.0,True
50.6327,0.1279,0.7952,0,-3,-5.6884,1.3437,0.0,True
50.6412,0.1455,0.8366,0,-3,-5.6884,1.3437,0.0,True
50.649300000000004,0.0553,0.8605,0,-3,-5.6884,1.3437,0.0,True
50.6577,0.0542,0.85,0,-3,-5.6884,1.3437,0.0,True
50.6661,-0.0153,0.9178,0,-3,-5.6884,1.3437,0.0,True
50.6743,0.0665,0.7803,0,-3,-5.6884,1.3437,0.0,True
50.682700000000004,-0.003,0.7837,0,-3,-5.6884,1.3437,0.0,True
50.6912,0.1014,0.9585,0,-3,-5.6884,1.3437,0.0,True
50.6993,0.0013,0.7417,0,-3,-5.6884,1.3437,0.0,True
50.7077,-0.0531,0.9571,0,-3,-5.6884,1.3437,0.0,True
50.7162,-0.016,0.7668,0,-3,-5.6884,1.3437,0.0,True
50.7243,-0.0026,0.726,0,-3,-5.6884,1.3437,0.0,True
50.7327,0.2209,0.7938,0,-3,-5.6884,1.3437,0.0,True
50.7412,-0.2324,0.5809,0,-3,-5.6884,1.3437,0.0,True
50.7493,-0.1215,0.785,0,-3,-5.6884,1.3437,0.0,True
50.7577,-0.0733,0.7106,0,-3,-5.6884,1.3437,0.0,True
50.7663,0.0355,0.6691,0,-3,-5.6884,1.3437,0.0,True
50.774300000000004,0.2695,0.6711,0,-3,-5.6884,1.3437,0.0,True
50.7827,0.1956,0.7265,0,-3,-5.6884,1.3437,0.0,True
50.7912,0.1075,0.6098,0,-3,-5.6884,1.3437,0.0,True
50.7993,0.1447,0.6395,0,-3,-5.6884,1.3437,0.0,True
50.807700000000004,-0.0324,0.6522,0,-3,-5.6884,1.3437,0.0,True
50.8161,-0.1432,0.8676,0,-3,-5.6884,1.3437,0.0,True
50.824400000000004,-0.0738,0.5515,0,-3,-5.6884,1.3437,0.0,True
50.8327,0.0876,0.5542,0,-3,-5.6884,1.3437,0.0,True
50.8412,-0.181,0.6599,0,-3,-5.6884,1.3437,0.0,True
50.8493,-0.15,0.6134,0,-3,-5.6884,1.3437,0.0,True
50.8577,-0.0121,0.7248,0,-3,-5.6884,1.3437,0.0,True
50.8662,-0.0704,0.7551,0,-3,-5.6884,1.3437,0.0,True
50.8744,0.0075,0.6036,0,-3,-5.6884,1.3437,0.0,True
50.8827,-0.1253,0.6953,0,-3,-5.6884,1.3437,0.0,True
50.8911,0.0783,0.6739,0,-3,-5.6884,1.3437,0.0,True
50.899300000000004,0.0813,0.5439,0,-3,-5.6884,1.3437,0.0,True
50.9077,0.0777,0.7326,0,-3,-5.6884,1.3437,0.0,True
50.9162,-0.0837,0.7035,0,-3,-5.6884,1.3437,0.0,True
50.9244,0.0373,0.7752,0,-3,-5.6884,1.3437,0.0,True
50.9328,-0.0977,0.6968,0,-3,-5.6884,1.3437,0.0,True
50.9412,0.1268,0.7309,0,-3,-5.6884,1.3437,0.0,True
50.9493,-0.1086,0.733,0,-3,-5.6884,1.3437,0.0,True
50.9577,0.0214,0.8391,0,-3,-5.6884,1.3437,0.0,True
50.9662,0.0662,0.7513,0,-3,-5.6884,1.3437,0.0,True
50.9744,-0.202,0.9488,0,-3,-5.6884,1.3437,0.0,True
50.9827,-0.0633,0.7,0,-3,-5.6884,1.3437,0.0,True
50.9912,-0.033,0.6366,0,-3,-5.6884,1.3437,0.0,True
50.9993,0.0432,0.7877,0,-3,-5.6884,1.3437,0.0,True
51.0077,0.0621,0.826,0,-3,-5.6884,1.3437,0.0,True
51.0162,0.1745,0.8372,0,-3,-5.6884,1.3437,0.0,True
51.0244,0.1728,1.0553,0,-3,-5.6884,1.3437,0.0,True
51.0327,0.0885,0.8668,0,-3,-5.6884,1.3437,0.0,True
51.0412,0.1416,0.8951,0,-3,-5.6884,1.3437,0.0,True
51.0493,0.0162,0.7864,0,-3,-5.6884,1.3437,0.0,True
51.057700000000004,0.1537,0.9969,0,-3,-5.6884,1.3437,0.0,True
51.0662,0.0665,1.01,0,-3,-5.6884,1.3437,0.0,True
51.074400000000004,0.0915,0.8846,0,-3,-5.6884,1.3437,0.0,True
51.0827,0.2728,0.8627,0,-3,-5.6884,1.3437,0.0,True
51.0912,0.1704,0.964,0,-3,-5.6884,1.3437,0.0,True
51.0993,0.0861,0.907,0,-3,-5.6884,1.3437,0.0,True
51.1077,0.0032,0.9092,0,-3,-5.6884,1.3437,0.0,True
51.1162,-0.0702,1.0034,0,-3,-5.6884,1.3437,0.0,True
51.1244,0.2093,0.8138,0,-3,-5.6884,1.3437,0.0,True
51.1328,-0.1411,1.015,0,-3,-5.6884,1.3437,0.0,True
51.1411,0.0589,0.8744,0,-3,-5.6884,1.3437,0.0,True
51.1494,0.1043,1.0671,0,-3,-5.6884,1.3437,0.0,True
51.1577,0.1031,1.0289,0,-3,-5.6884,1.3437,0.0,True
51.1662,-0.0952,0.8781,0,-3,-5.6884,1.3437,0.0,True
51.1744,-0.1194,0.8776,0,-3,-5.6884,1.3437,0.0,True
51.182700000000004,0.0427,1.1277,0,-3,-5.6884,1.3437,0.0,True
51.1912,0.0311,1.0197,0,-3,-5.6884,1.3437,0.0,True
51.199400000000004,-0.1455,0.9022,0,-3,-5.6884,1.3437,0.0,True
51.2077,0.0539,0.8126,0,-3,-5.6884,1.3437,0.0,True
51.2162,-0.1993,1.0087,0,-3,-5.6884,1.3437,0.0,True
51.2243,-0.0468,1.0491,0,-3,-5.6884,1.3437,0.0,True
51.2328,-0.0262,1.0942,0,-3,-5.6884,1.3437,0.0,True
51.2412,-0.0323,0.9189,0,-3,-5.6884,1.3437,0.0,True
51.2493,-0.0387,1.0276,0,-3,-5.6884,1.3437,0.0,True
51.2577,-0.1064,0.7667,0,-3,-5.6884,1.3437,0.0,True
51.2661,-0.1675,0.9406,0,-3,-5.6884,1.3437,0.0,True
51.274300000000004,0.006,0.7592,0,-3,-5.6884,1.3437,0.0,True
51.2827,-0.0185,0.8266,0,-3,-5.6884,1.3437,0.0,True
51.2912,-0.0525,0.8744,0,-3,-5.6884,1.3437,0.0,True
51.2994,-0.0078,0.9366,0,-3,-5.6884,1.3437,0.0,True
51.307700000000004,0.0688,0.847,0,-3,-5.6884,1.3437,0.0,True
51.3163,-0.0286,0.7953,0,-3,-5.6884,1.3437,0.0,True
51.324400000000004,0.0675,0.9039,0,-3,-5.6884,1.3437,0.0,True
51.3327,-0.0103,0.9352,0,-3,-5.6884,1.3437,0.0,True
51.3412,0.0336,0.8782,0,-3,-5.6884,1.3437,0.0,True
51.3494,0.187,0.9237,0,-3,-5.6884,1.3437,0.0,True
51.3577,0.124,1.1899,0,-3,-5.6884,1.3437,0.0,True
51.3662,0.0723,1.0198,0,-3,-5.6884,1.3437,0.0,True
51.3743,0.0141,0.9233,0,-3,-5.6884,1.3437,0.0,True
51.3827,0.1785,0.9193,0,-3,-5.6884,1.3437,0.0,True
51.3912,0.2297,1.0963,0,-3,-5.6884,1.3437,0.0,True
51.399300000000004,0.0573,0.9702,0,-3,-5.6884,1.3437,0.0,True
51.4077,0.0786,0.7559,0,-3,-5.6884,1.3437,0.0,True
51.4162,0.0334,1.1603,0,-3,-5.6884,1.3437,0.0,True
51.4244,-0.114,1.0381,0,-3,-5.6884,1.3437,0.0,True
51.432700000000004,0.1353,0.9371,0,-3,-5.6884,1.3437,0.0,True
51.4412,0.1472,1.0202,0,-3,-5.6884,1.3437,0.0,True
51.449400000000004,0.0523,1.0633,0,-3,-5.6884,1.3437,0.0,True
51.4577,0.2068,1.0336,0,-3,-5.6884,1.3437,0.0,True
51.4662,-0.1369,1.0043,0,-3,-5.6884,1.3437,0.0,True
51.4743,0.0059,1.06,0,-3,-5.6884,1.3437,0.0,True
51.4827,0.1334,0.9808,0,-3,-5.6884,1.3437,0.0,True
51.4912,-0.015,0.9553,0,-3,-5.6884,1.3437,0.0,True
51.4994,0.0622,1.1083,0,-3,-5.6884,1.3437,0.0,True
51.5077,-0.0903,1.135,0,-3,-5.6884,1.3437,0.0,True
51.5162,-0.0116,1.0456,0,-3,-5.6884,1.3437,0.0,True
51.524300000000004,-0.0619,1.0578,0,-3,-5.6884,1.3437,0.0,True
51.5327,-0.1271,1.0426,0,-3,-5.6884,1.3437,0.0,True
