timestamp_sec,deviation_from_stimulus_x_dva,deviation_from_stimulus_y_dva,stimulus_x_deg,stimulus_y_deg,kappa_x_deg,kappa_y_deg,is_fixation_outlier,participant_in_training_set
0.0,0.1652,-0.4144,3,-3,-3.3272,0.3932,0.0,False
0.00849999999999973,-0.1285,-0.2701,3,-3,-3.3272,0.3932,0.0,False
0.016500000000000625,-0.0198,-0.5674,3,-3,-3.3272,0.3932,0.0,False
0.02490000000000059,0.1127,-0.321,3,-3,-3.3272,0.3932,0.0,False
0.03330000000000055,0.3793,-0.6701,3,-3,-3.3272,0.3932,0.0,False
0.04190000000000005,0.1096,-0.5496,3,-3,-3.3272,0.3932,0.0,False
0.049900000000000944,0.2433,-0.6041,3,-3,-3.3272,0.3932,0.0,False
0.05830000000000091,-0.0717,-0.6556,3,-3,-3.3272,0.3932,0.0,False
0.06649999999999956,0.01,-0.5903,3,-3,-3.3272,0.3932,0.0,False
0.07489999999999952,0.0438,-0.5585,3,-3,-3.3272,0.3932,0.0,False
0.08329999999999949,0.149,-0.6052,3,-3,-3.3272,0.3932,0.0,False
0.09159999999999968,0.1292,-0.4847,3,-3,-3.3272,0.3932,0.0,False
0.09999999999999964,0.0525,-0.6408,3,-3,-3.3272,0.3932,0.0,False
0.10849999999999937,-0.043,-0.5688,3,-3,-3.3272,0.3932,0.0,False
0.11650000000000027,0.0671,-0.4538,3,-3,-3.3272,0.3932,0.0,False
0.125,0.146,-0.3314,3,-3,-3.3272,0.3932,0.0,False
0.13349999999999973,0.013,-0.291,3,-3,-3.3272,0.3932,0.0,False
0.14150000000000063,0.0141,-0.5759,3,-3,-3.3272,0.3932,0.0,False
0.1499000000000006,0.003,-0.3758,3,-3,-3.3272,0.3932,0.0,False
0.15830000000000055,-0.0707,-0.3631,3,-3,-3.3272,0.3932,0.0,False
0.1664999999999992,0.0562,-0.2204,3,-3,-3.3272,0.3932,0.0,False
0.17520000000000024,-0.0838,0.0157,3,-3,-3.3272,0.3932,0.0,False
0.1833000000000009,-0.0461,-0.4181,3,-3,-3.3272,0.3932,0.0,False
0.19149999999999956,-0.0358,-0.275,3,-3,-3.3272,0.3932,0.0,False
0.19989999999999952,-0.0783,-0.3325,3,-3,-3.3272,0.3932,0.0,False
0.2085000000000008,0.0124,-0.6054,3,-3,-3.3272,0.3932,0.0,False
0.21649999999999991,-0.1908,-0.4839,3,-3,-3.3272,0.3932,0.0,False
0.22489999999999988,0.0827,-0.3171,3,-3,-3.3272,0.3932,0.0,False
0.23329999999999984,-0.2314,-0.2737,3,-3,-3.3272,0.3932,0.0,False
0.24150000000000027,-0.3058,-0.2263,3,-3,-3.3272,0.3932,0.0,False
0.24990000000000023,-0.1993,-0.5799,3,-3,-3.3272,0.3932,0.0,False
0.2583000000000002,-0.1104,-0.3828,3,-3,-3.3272,0.3932,0.0,False
0.2666000000000004,-0.3925,-0.3395,3,-3,-3.3272,0.3932,0.0,False
0.2749000000000006,-0.2043,-0.5225,3,-3,-3.3272,0.3932,0.0,False
0.28330000000000055,-0.3944,-0.3493,3,-3,-3.3272,0.3932,0.0,False
0.2914999999999992,-0.2941,-0.3419,3,-3,-3.3272,0.3932,0.0,False
0.29990000000000094,-0.0824,-0.2808,3,-3,-3.3272,0.3932,0.0,False
0.3084000000000007,-0.3558,-0.3312,3,-3,-3.3272,0.3932,0.0,False
0.31649999999999956,-0.4699,-0.1741,3,-3,-3.3272,0.3932,0.0,False
0.3248999999999995,-0.3076,-0.1222,3,-3,-3.3272,0.3932,0.0,False
0.3332999999999995,-0.1939,-0.1131,3,-3,-3.3272,0.3932,0.0,False
0.3414999999999999,-0.1617,-0.2637,3,-3,-3.3272,0.3932,0.0,False
0.3498999999999999,-0.3676,0.0988,3,-3,-3.3272,0.3932,0.0,False
0.35829999999999984,-0.4863,-0.0455,3,-3,-3.3272,0.3932,0.0,False
0.36660000000000004,-0.4307,-0.2113,3,-3,-3.3272,0.3932,0.0,False
0.37490000000000023,-0.2526,-0.2227,3,-3,-3.3272,0.3932,0.0,False
0.3833000000000002,-0.3105,-0.2371,3,-3,-3.3272,0.3932,0.0,False
0.3915000000000006,-0.1438,-0.3809,3,-3,-3.3272,0.3932,0.0,False
0.40000000000000036,-0.0991,-0.3358,3,-3,-3.3272,0.3932,0.0,False
0.4085000000000001,-0.341,-0.0954,3,-3,-3.3272,0.3932,0.0,False
0.4164999999999992,-0.4694,0.0353,3,-3,-3.3272,0.3932,0.0,False
0.42490000000000094,-0.4844,-0.3728,3,-3,-3.3272,0.3932,0.0,False
0.4334000000000007,-0.2641,-0.2206,3,-3,-3.3272,0.3932,0.0,False
0.44149999999999956,-0.3441,-0.0104,3,-3,-3.3272,0.3932,0.0,False
0.4499999999999993,-0.4503,-0.3997,3,-3,-3.3272,0.3932,0.0,False
0.4582999999999995,-0.4436,-0.1087,3,-3,-3.3272,0.3932,0.0,False
0.4664999999999999,-0.341,-0.2912,3,-3,-3.3272,0.3932,0.0,False
0.4748999999999999,-0.5435,-0.2125,3,-3,-3.3272,0.3932,0.0,False
0.48329999999999984,-0.4536,-0.1528,3,-3,-3.3272,0.3932,0.0,False
0.49150000000000027,-0.3257,-0.2666,3,-3,-3.3272,0.3932,0.0,False
0.49990000000000023,-0.4207,-0.3852,3,-3,-3.3272,0.3932,0.0,False
0.5083000000000002,-0.4057,-0.4371,3,-3,-3.3272,0.3932,0.0,False
0.5166000000000004,-0.3653,-0.3634,3,-3,-3.3272,0.3932,0.0,False
0.5249000000000006,-0.3157,-0.4604,3,-3,-3.3272,0.3932,0.0,False
0.5335999999999999,-0.6733,-0.1563,3,-3,-3.3272,0.3932,0.0,False
0.5417000000000005,-0.5111,-0.2598,3,-3,-3.3272,0.3932,0.0,False
0.5501000000000005,-0.6486,-0.2354,3,-3,-3.3272,0.3932,0.0,False
0.5583000000000009,-0.3827,-0.2022,3,-3,-3.3272,0.3932,0.0,False
0.5664999999999996,-0.279,-0.0717,3,-3,-3.3272,0.3932,0.0,False
0.5751000000000008,-0.1682,-0.1927,3,-3,-3.3272,0.3932,0.0,False
0.5832999999999995,-0.4317,-0.1903,3,-3,-3.3272,0.3932,0.0,False
0.5914999999999999,-0.4761,-0.1015,3,-3,-3.3272,0.3932,0.0,False
0.5998999999999999,-0.3139,-0.2582,3,-3,-3.3272,0.3932,0.0,False
0.6083999999999996,-0.2726,-0.3209,3,-3,-3.3272,0.3932,0.0,False
0.6165000000000003,-0.162,-0.2344,3,-3,-3.3272,0.3932,0.0,False
0.6249000000000002,-0.3596,-0.1036,3,-3,-3.3272,0.3932,0.0,False
0.6333000000000002,-0.5263,-0.1461,3,-3,-3.3272,0.3932,0.0,False
0.6415000000000006,-0.3663,-0.0999,3,-3,-3.3272,0.3932,0.0,False
0.6501000000000001,-0.487,-0.2509,3,-3,-3.3272,0.3932,0.0,False
0.6583000000000006,-0.1877,-0.2098,3,-3,-3.3272,0.3932,0.0,False
0.6667000000000005,-0.4661,-0.0836,3,-3,-3.3272,0.3932,0.0,False
0.6751000000000005,-0.538,-0.2451,3,-3,-3.3272,0.3932,0.0,False
0.6833000000000009,-0.3962,-0.1624,3,-3,-3.3272,0.3932,0.0,False
0.6914999999999996,-0.2886,-0.3245,3,-3,-3.3272,0.3932,0.0,False
0.6998999999999995,-0.3944,-0.0362,3,-3,-3.3272,0.3932,0.0,False
0.7082999999999995,-0.6698,-0.1628,3,-3,-3.3272,0.3932,0.0,False
0.7164999999999999,-0.4217,-0.25,3,-3,-3.3272,0.3932,0.0,False
0.7249999999999996,-0.0227,-0.224,3,-3,-3.3272,0.3932,0.0,False
0.7332999999999998,-0.4679,-0.5141,3,-3,-3.3272,0.3932,0.0,False
0.7417999999999996,-0.4814,-0.2691,3,-3,-3.3272,0.3932,0.0,False
0.7499000000000002,-0.2803,-0.4482,3,-3,-3.3272,0.3932,0.0,False
0.7583000000000002,-0.242,-0.4565,3,-3,-3.3272,0.3932,0.0,False
0.7667000000000002,-0.3646,-0.4885,3,-3,-3.3272,0.3932,0.0,False
0.7751999999999999,-0.5121,-0.4243,3,-3,-3.3272,0.3932,0.0,False
0.7833000000000006,-0.4111,-0.4389,3,-3,-3.3272,0.3932,0.0,False
0.7914999999999992,-0.5498,-0.222,3,-3,-3.3272,0.3932,0.0,False
0.7999000000000009,-0.4374,-0.3042,3,-3,-3.3272,0.3932,0.0,False
0.8085000000000004,-0.6214,-0.3622,3,-3,-3.3272,0.3932,0.0,False
0.8164999999999996,-0.3028,-0.2938,3,-3,-3.3272,0.3932,0.0,False
0.8248999999999995,-0.5202,-0.3006,3,-3,-3.3272,0.3932,0.0,False
0.8335000000000008,-0.4973,-0.4457,3,-3,-3.3272,0.3932,0.0,False
0.8414999999999999,-0.3971,-0.2238,3,-3,-3.3272,0.3932,0.0,False
0.850200000000001,-0.5378,-0.3775,3,-3,-3.3272,0.3932,0.0,False
0.8583999999999996,-0.4093,-0.3578,3,-3,-3.3272,0.3932,0.0,False
0.8666,-0.5327,-0.5077,3,-3,-3.3272,0.3932,0.0,False
0.875,-0.4235,-0.4154,3,-3,-3.3272,0.3932,0.0,False
0.8833000000000002,-0.4262,-0.3182,3,-3,-3.3272,0.3932,0.0,False
0.8915000000000006,-0.4089,-0.3072,3,-3,-3.3272,0.3932,0.0,False
0.9001000000000001,-0.4573,-0.3373,3,-3,-3.3272,0.3932,0.0,False
0.9084000000000003,-0.3578,-0.359,3,-3,-3.3272,0.3932,0.0,False
0.9164999999999992,-0.4382,-0.253,3,-3,-3.3272,0.3932,0.0,False
0.9249000000000009,-0.4332,-0.414,3,-3,-3.3272,0.3932,0.0,False
0.9333000000000009,-0.5567,-0.5669,3,-3,-3.3272,0.3932,0.0,False
0.9418000000000006,-0.5056,-0.4938,3,-3,-3.3272,0.3932,0.0,False
0.9498999999999995,-0.4843,-0.3947,3,-3,-3.3272,0.3932,0.0,False
0.9582999999999995,-0.6281,-0.3713,3,-3,-3.3272,0.3932,0.0,False
0.9667999999999992,-0.6507,-0.3323,3,-3,-3.3272,0.3932,0.0,False
0.9748999999999999,-0.5343,-0.4693,3,-3,-3.3272,0.3932,0.0,False
0.9832999999999998,-0.4646,-0.3979,3,-3,-3.3272,0.3932,0.0,False
0.9915000000000003,-0.7329,-0.4822,3,-3,-3.3272,0.3932,0.0,False
1.0001999999999995,-0.3873,-0.434,3,-3,-3.3272,0.3932,0.0,False
1.0084999999999997,-0.5173,-0.5493,3,-3,-3.3272,0.3932,0.0,False
1.0165000000000006,-0.4478,-0.6621,3,-3,-3.3272,0.3932,0.0,False
1.0249000000000006,-0.3156,-0.5989,3,-3,-3.3272,0.3932,0.0,False
1.0333000000000006,-0.4074,-0.436,3,-3,-3.3272,0.3932,0.0,False
1.0417000000000005,-0.6648,-0.432,3,-3,-3.3272,0.3932,0.0,False
1.049900000000001,-0.5438,-0.6069,3,-3,-3.3272,0.3932,0.0,False
1.058300000000001,-0.628,-0.3905,3,-3,-3.3272,0.3932,0.0,False
1.0664999999999996,-0.4329,-0.5373,3,-3,-3.3272,0.3932,0.0,False
1.0748999999999995,-0.6,-0.5557,3,-3,-3.3272,0.3932,0.0,False
1.0832999999999995,-0.6806,-0.6937,3,-3,-3.3272,0.3932,0.0,False
1.0915,-0.3693,-0.5841,3,-3,-3.3272,0.3932,0.0,False
1.0998999999999999,-0.1273,-0.545,3,-3,-3.3272,0.3932,0.0,False
1.1082999999999998,-0.4386,-0.6114,3,-3,-3.3272,0.3932,0.0,False
1.1166,-0.2936,-0.6354,3,-3,-3.3272,0.3932,0.0,False
1.1249000000000002,-0.3568,-0.4355,3,-3,-3.3272,0.3932,0.0,False
1.1333000000000002,-0.4555,-0.3743,3,-3,-3.3272,0.3932,0.0,False
1.1416000000000004,-0.4392,-0.5614,3,-3,-3.3272,0.3932,0.0,False
1.1501000000000001,-0.4872,-0.2921,3,-3,-3.3272,0.3932,0.0,False
1.1583000000000006,-0.3065,-0.5484,3,-3,-3.3272,0.3932,0.0,False
1.1664999999999992,-0.3151,-0.4652,3,-3,-3.3272,0.3932,0.0,False
1.1750000000000007,-0.7101,-0.5523,3,-3,-3.3272,0.3932,0.0,False
1.183300000000001,-0.3225,-0.7087,3,-3,-3.3272,0.3932,0.0,False
1.1915999999999993,-0.3389,-0.7695,3,-3,-3.3272,0.3932,0.0,False
1.1998999999999995,-0.4914,-0.6762,3,-3,-3.3272,0.3932,0.0,False
1.2085000000000008,-0.3089,-0.4812,3,-3,-3.3272,0.3932,0.0,False
1.2165,-0.4769,-0.5272,3,-3,-3.3272,0.3932,0.0,False
1.2248999999999999,-0.6243,-0.4348,3,-3,-3.3272,0.3932,0.0,False
1.2333999999999996,-0.4925,-0.4671,3,-3,-3.3272,0.3932,0.0,False
1.2415000000000003,-0.3282,-0.6141,3,-3,-3.3272,0.3932,0.0,False
1.2499000000000002,-0.3204,-0.3277,3,-3,-3.3272,0.3932,0.0,False
1.2584,-0.3233,-0.6243,3,-3,-3.3272,0.3932,0.0,False
1.2665000000000006,-0.448,-0.3796,3,-3,-3.3272,0.3932,0.0,False
1.2751000000000001,-0.3088,-0.4246,3,-3,-3.3272,0.3932,0.0,False
1.2833000000000006,-0.1534,-0.2387,3,-3,-3.3272,0.3932,0.0,False
1.2914999999999992,0.1584,-0.0676,3,-3,-3.3272,0.3932,0.0,False
1.299900000000001,0.4844,-0.3356,3,-3,-3.3272,0.3932,0.0,False
1.3085000000000004,0.4089,0.0817,3,-3,-3.3272,0.3932,0.0,False
1.3167000000000009,0.0437,-0.2779,3,-3,-3.3272,0.3932,0.0,False
1.3248999999999995,0.1387,-0.3208,3,-3,-3.3272,0.3932,0.0,False
1.3333999999999993,0.2073,-0.2816,3,-3,-3.3272,0.3932,0.0,False
1.3417999999999992,0.3697,-0.3568,3,-3,-3.3272,0.3932,0.0,False
1.3499999999999996,0.239,-0.5426,3,-3,-3.3272,0.3932,0.0,False
1.3582999999999998,0.1304,-0.2988,3,-3,-3.3272,0.3932,0.0,False
1.3665000000000003,0.2412,-0.2868,3,-3,-3.3272,0.3932,0.0,False
1.3749000000000002,0.1579,-0.4961,3,-3,-3.3272,0.3932,0.0,False
1.3833000000000002,0.1537,-0.2494,3,-3,-3.3272,0.3932,0.0,False
1.3915000000000006,0.2314,-0.3429,3,-3,-3.3272,0.3932,0.0,False
1.3999000000000006,0.1052,-0.3947,3,-3,-3.3272,0.3932,0.0,False
1.4083000000000006,0.1286,-0.2722,3,-3,-3.3272,0.3932,0.0,False
1.4167000000000005,0.0399,-0.2941,3,-3,-3.3272,0.3932,0.0,False
1.4250000000000007,-0.1318,-0.3746,3,-3,-3.3272,0.3932,0.0,False
1.433300000000001,0.0761,-0.2951,3,-3,-3.3272,0.3932,0.0,False
1.4414999999999996,0.059,-0.4925,3,-3,-3.3272,0.3932,0.0,False
1.4498999999999995,0.0719,-0.3696,3,-3,-3.3272,0.3932,0.0,False
1.4582999999999995,0.2751,-0.6148,3,-3,-3.3272,0.3932,0.0,False
1.4665,-0.1848,-0.435,3,-3,-3.3272,0.3932,0.0,False
1.4748999999999999,0.2358,-0.5519,3,-3,-3.3272,0.3932,0.0,False
1.4832999999999998,0.1528,-0.54,3,-3,-3.3272,0.3932,0.0,False
1.4915000000000003,0.3714,-0.1662,3,-3,-3.3272,0.3932,0.0,False
1.5000999999999998,0.2261,-0.2043,3,-3,-3.3272,0.3932,0.0,False
1.5084999999999997,0.2552,-0.318,3,-3,-3.3272,0.3932,0.0,False
1.5165000000000006,0.1788,-0.2599,3,-3,-3.3272,0.3932,0.0,False
1.5249000000000006,0.3072,-0.4856,3,-3,-3.3272,0.3932,0.0,False
1.5333000000000006,0.2594,-0.3346,3,-3,-3.3272,0.3932,0.0,False
1.5414999999999992,0.0848,-0.449,3,-3,-3.3272,0.3932,0.0,False
1.549900000000001,0.2384,-0.4006,3,-3,-3.3272,0.3932,0.0,False
1.558300000000001,0.2879,-0.4744,3,-3,-3.3272,0.3932,0.0,False
1.5664999999999996,0.2799,-0.4382,3,-3,-3.3272,0.3932,0.0,False
1.5749999999999993,0.2439,-0.4365,3,-3,-3.3272,0.3932,0.0,False
1.5832999999999995,0.0402,-0.4223,3,-3,-3.3272,0.3932,0.0,False
1.5915,0.249,-0.4232,3,-3,-3.3272,0.3932,0.0,False
1.5998999999999999,0.1744,-0.2685,3,-3,-3.3272,0.3932,0.0,False
1.6082999999999998,0.3734,-0.3905,3,-3,-3.3272,0.3932,0.0,False
2.4331999999999994,0.2481,0.4034,0,6,-3.3272,0.3932,0.0,False
2.4415999999999993,0.1044,0.4512,0,6,-3.3272,0.3932,0.0,False
2.4499999999999993,0.1384,0.4808,0,6,-3.3272,0.3932,0.0,False
2.4581999999999997,0.1874,0.6015,0,6,-3.3272,0.3932,0.0,False
2.4665,0.2175,0.4107,0,6,-3.3272,0.3932,0.0,False
2.475200000000001,0.0613,0.4951,0,6,-3.3272,0.3932,0.0,False
2.4832,0.0621,0.5098,0,6,-3.3272,0.3932,0.0,False
2.4915000000000003,0.1838,0.3929,0,6,-3.3272,0.3932,0.0,False
2.5000999999999998,0.083,0.4408,0,6,-3.3272,0.3932,0.0,False
2.5084999999999997,0.2087,0.4272,0,6,-3.3272,0.3932,0.0,False
2.5166000000000004,0.1258,0.7087,0,6,-3.3272,0.3932,0.0,False
2.5249000000000006,0.1514,0.6999,0,6,-3.3272,0.3932,0.0,False
2.533200000000001,0.2001,0.5846,0,6,-3.3272,0.3932,0.0,False
2.5418000000000003,0.1481,0.6662,0,6,-3.3272,0.3932,0.0,False
2.549900000000001,0.1719,0.6796,0,6,-3.3272,0.3932,0.0,False
2.5581999999999994,0.0038,0.6942,0,6,-3.3272,0.3932,0.0,False
2.566700000000001,0.0617,0.6062,0,6,-3.3272,0.3932,0.0,False
2.5748999999999995,0.0191,0.5795,0,6,-3.3272,0.3932,0.0,False
2.5831999999999997,0.1126,0.6563,0,6,-3.3272,0.3932,0.0,False
2.5915,0.1298,0.642,0,6,-3.3272,0.3932,0.0,False
2.5999,0.1293,0.5839,0,6,-3.3272,0.3932,0.0,False
2.6082,0.1385,0.7292,0,6,-3.3272,0.3932,0.0,False
2.6165000000000003,0.1206,0.6583,0,6,-3.3272,0.3932,0.0,False
2.6249000000000002,0.0154,0.6886,0,6,-3.3272,0.3932,0.0,False
2.6334999999999997,-0.0136,0.7936,0,6,-3.3272,0.3932,0.0,False
2.6415000000000006,0.0853,0.6801,0,6,-3.3272,0.3932,0.0,False
2.6499000000000006,0.0762,0.7478,0,6,-3.3272,0.3932,0.0,False
2.658200000000001,0.1585,0.6735,0,6,-3.3272,0.3932,0.0,False
2.6666000000000007,0.0867,0.8263,0,6,-3.3272,0.3932,0.0,False
2.6751000000000005,0.1134,0.8516,0,6,-3.3272,0.3932,0.0,False
2.6831999999999994,0.0904,0.8397,0,6,-3.3272,0.3932,0.0,False
2.6914999999999996,0.1039,0.729,0,6,-3.3272,0.3932,0.0,False
2.6998999999999995,0.0493,0.7212,0,6,-3.3272,0.3932,0.0,False
2.7081999999999997,0.1146,0.7876,0,6,-3.3272,0.3932,0.0,False
2.7165,0.106,0.6462,0,6,-3.3272,0.3932,0.0,False
2.7249,0.1273,0.8409,0,6,-3.3272,0.3932,0.0,False
2.7332,0.0596,0.7763,0,6,-3.3272,0.3932,0.0,False
2.7415000000000003,-0.0103,0.7979,0,6,-3.3272,0.3932,0.0,False
2.7499000000000002,0.1535,0.6742,0,6,-3.3272,0.3932,0.0,False
2.7581000000000007,0.0648,0.7604,0,6,-3.3272,0.3932,0.0,False
2.7665000000000006,0.1514,0.5394,0,6,-3.3272,0.3932,0.0,False
2.7750000000000004,0.0955,0.7339,0,6,-3.3272,0.3932,0.0,False
2.783200000000001,0.0667,0.6941,0,6,-3.3272,0.3932,0.0,False
2.791499999999999,0.0999,0.692,0,6,-3.3272,0.3932,0.0,False
2.799900000000001,0.1707,0.8545,0,6,-3.3272,0.3932,0.0,False
2.808300000000001,0.0952,0.8122,0,6,-3.3272,0.3932,0.0,False
2.8164999999999996,0.0668,0.7314,0,6,-3.3272,0.3932,0.0,False
2.8248999999999995,0.1096,0.7834,0,6,-3.3272,0.3932,0.0,False
2.8331999999999997,0.0087,0.8151,0,6,-3.3272,0.3932,0.0,False
2.8415,0.0178,0.7324,0,6,-3.3272,0.3932,0.0,False
2.8499,0.1235,0.6806,0,6,-3.3272,0.3932,0.0,False
2.8582,0.0576,0.5831,0,6,-3.3272,0.3932,0.0,False
2.8665000000000003,0.0445,0.7048,0,6,-3.3272,0.3932,0.0,False
2.875,0.0393,0.7484,0,6,-3.3272,0.3932,0.0,False
2.8832000000000004,0.1316,0.7546,0,6,-3.3272,0.3932,0.0,False
2.8916000000000004,0.1204,0.6091,0,6,-3.3272,0.3932,0.0,False
2.9000000000000004,0.0551,0.756,0,6,-3.3272,0.3932,0.0,False
2.908200000000001,0.0232,0.6529,0,6,-3.3272,0.3932,0.0,False
2.916499999999999,0.0615,0.7302,0,6,-3.3272,0.3932,0.0,False
2.924900000000001,0.0549,0.7428,0,6,-3.3272,0.3932,0.0,False
2.9331999999999994,0.0939,0.6482,0,6,-3.3272,0.3932,0.0,False
2.9419000000000004,0.0957,0.7239,0,6,-3.3272,0.3932,0.0,False
2.9498999999999995,0.0317,0.6823,0,6,-3.3272,0.3932,0.0,False
2.9581,0.2436,0.4486,0,6,-3.3272,0.3932,0.0,False
2.9665,0.0881,0.6712,0,6,-3.3272,0.3932,0.0,False
2.9749,0.1801,0.7614,0,6,-3.3272,0.3932,0.0,False
2.9832,0.2296,0.6048,0,6,-3.3272,0.3932,0.0,False
2.9915000000000003,0.1683,0.7201,0,6,-3.3272,0.3932,0.0,False
2.9999000000000002,0.0529,0.6898,0,6,-3.3272,0.3932,0.0,False
3.0081000000000007,0.0577,0.7225,0,6,-3.3272,0.3932,0.0,False
3.0165000000000006,0.1828,0.6038,0,6,-3.3272,0.3932,0.0,False
3.0249000000000006,-0.0139,0.6792,0,6,-3.3272,0.3932,0.0,False
3.033200000000001,-0.0749,0.778,0,6,-3.3272,0.3932,0.0,False
3.041499999999999,0.0376,0.7646,0,6,-3.3272,0.3932,0.0,False
3.049900000000001,0.0335,0.6822,0,6,-3.3272,0.3932,0.0,False
3.0581999999999994,0.0426,0.6586,0,6,-3.3272,0.3932,0.0,False
3.0664999999999996,0.0598,0.6746,0,6,-3.3272,0.3932,0.0,False
3.075100000000001,0.1687,0.6816,0,6,-3.3272,0.3932,0.0,False
3.0831999999999997,0.0884,0.6594,0,6,-3.3272,0.3932,0.0,False
3.0915,-0.1301,0.7056,0,6,-3.3272,0.3932,0.0,False
3.0999,0.1666,0.6519,0,6,-3.3272,0.3932,0.0,False
3.1082,-0.1115,0.7058,0,6,-3.3272,0.3932,0.0,False
3.1166,0.0385,0.6916,0,6,-3.3272,0.3932,0.0,False
3.1249000000000002,-0.0099,0.6555,0,6,-3.3272,0.3932,0.0,False
3.1334,0.0607,0.8639,0,6,-3.3272,0.3932,0.0,False
3.1415000000000006,0.0541,0.752,0,6,-3.3272,0.3932,0.0,False
3.1499000000000006,-0.051,0.87,0,6,-3.3272,0.3932,0.0,False
3.158200000000001,-0.007,0.6852,0,6,-3.3272,0.3932,0.0,False
3.1667000000000005,-0.0185,0.8105,0,6,-3.3272,0.3932,0.0,False
3.1751000000000005,-0.023,0.7529,0,6,-3.3272,0.3932,0.0,False
3.1831999999999994,-0.0862,0.6707,0,6,-3.3272,0.3932,0.0,False
3.1914999999999996,0.0448,0.7129,0,6,-3.3272,0.3932,0.0,False
3.1998999999999995,0.0176,0.6893,0,6,-3.3272,0.3932,0.0,False
3.2083999999999993,-0.0653,0.8141,0,6,-3.3272,0.3932,0.0,False
3.2166999999999994,-0.2131,0.8139,0,6,-3.3272,0.3932,0.0,False
3.2249,-0.006,0.78,0,6,-3.3272,0.3932,0.0,False
3.2332,-0.0303,0.7805,0,6,-3.3272,0.3932,0.0,False
3.2415000000000003,-0.0974,0.8442,0,6,-3.3272,0.3932,0.0,False
3.2499000000000002,0.0839,0.8113,0,6,-3.3272,0.3932,0.0,False
3.2582000000000004,-0.1224,0.8345,0,6,-3.3272,0.3932,0.0,False
3.2666000000000004,-0.0529,0.7758,0,6,-3.3272,0.3932,0.0,False
3.2749000000000006,-0.0265,0.8115,0,6,-3.3272,0.3932,0.0,False
3.283200000000001,-0.0435,0.8128,0,6,-3.3272,0.3932,0.0,False
3.2916000000000007,-0.0442,0.7756,0,6,-3.3272,0.3932,0.0,False
3.299900000000001,-0.0927,0.7785,0,6,-3.3272,0.3932,0.0,False
3.3081999999999994,-0.1408,0.6941,0,6,-3.3272,0.3932,0.0,False
3.3164999999999996,-0.2039,0.6918,0,6,-3.3272,0.3932,0.0,False
3.3248999999999995,-0.3003,0.8563,0,6,-3.3272,0.3932,0.0,False
3.3331999999999997,-0.1846,0.8541,0,6,-3.3272,0.3932,0.0,False
3.3415,-0.3403,0.8246,0,6,-3.3272,0.3932,0.0,False
3.3499,-0.2113,0.6891,0,6,-3.3272,0.3932,0.0,False
3.3582,-0.172,0.8203,0,6,-3.3272,0.3932,0.0,False
3.3666,-0.112,0.8359,0,6,-3.3272,0.3932,0.0,False
3.3750999999999998,-0.1713,0.888,0,6,-3.3272,0.3932,0.0,False
3.3832000000000004,-0.2173,0.7762,0,6,-3.3272,0.3932,0.0,False
3.3916000000000004,-0.1206,0.8314,0,6,-3.3272,0.3932,0.0,False
3.4001,-0.0797,0.7304,0,6,-3.3272,0.3932,0.0,False
3.408200000000001,-0.1341,0.848,0,6,-3.3272,0.3932,0.0,False
3.416499999999999,-0.1634,0.8316,0,6,-3.3272,0.3932,0.0,False
3.424900000000001,-0.1391,0.8233,0,6,-3.3272,0.3932,0.0,False
3.433300000000001,-0.1126,0.7838,0,6,-3.3272,0.3932,0.0,False
3.4414999999999996,-0.106,0.873,0,6,-3.3272,0.3932,0.0,False
3.4498999999999995,-0.1947,0.7867,0,6,-3.3272,0.3932,0.0,False
3.4581999999999997,-0.1325,0.8052,0,6,-3.3272,0.3932,0.0,False
3.4665999999999997,-0.0859,0.844,0,6,-3.3272,0.3932,0.0,False
3.475200000000001,-0.0603,0.802,0,6,-3.3272,0.3932,0.0,False
3.4832,-0.105,0.7565,0,6,-3.3272,0.3932,0.0,False
3.4915000000000003,-0.0886,0.8675,0,6,-3.3272,0.3932,0.0,False
3.5001999999999995,-0.1336,0.7723,0,6,-3.3272,0.3932,0.0,False
3.5082000000000004,-0.0948,0.8029,0,6,-3.3272,0.3932,0.0,False
3.5167,-0.1208,0.7998,0,6,-3.3272,0.3932,0.0,False
3.5249000000000006,-0.0766,0.786,0,6,-3.3272,0.3932,0.0,False
3.533200000000001,-0.1265,0.7912,0,6,-3.3272,0.3932,0.0,False
3.5417000000000005,-0.1246,0.7364,0,6,-3.3272,0.3932,0.0,False
3.549900000000001,-0.069,0.7129,0,6,-3.3272,0.3932,0.0,False
3.5581999999999994,-0.1174,0.8173,0,6,-3.3272,0.3932,0.0,False
3.5664999999999996,-0.1638,0.7853,0,6,-3.3272,0.3932,0.0,False
3.575100000000001,-0.1823,0.839,0,6,-3.3272,0.3932,0.0,False
3.5832999999999995,-0.1115,0.8226,0,6,-3.3272,0.3932,0.0,False
3.5915,-0.0762,0.8508,0,6,-3.3272,0.3932,0.0,False
3.5999,-0.0808,0.8158,0,6,-3.3272,0.3932,0.0,False
3.6083,-0.1443,0.8072,0,6,-3.3272,0.3932,0.0,False
3.6165000000000003,-0.1261,0.7336,0,6,-3.3272,0.3932,0.0,False
3.6249000000000002,-0.1143,0.8145,0,6,-3.3272,0.3932,0.0,False
3.6332000000000004,-0.0927,0.8391,0,6,-3.3272,0.3932,0.0,False
3.6415000000000006,-0.0652,0.8227,0,6,-3.3272,0.3932,0.0,False
3.6499000000000006,-0.0196,0.9132,0,6,-3.3272,0.3932,0.0,False
3.6580999999999992,0.018,0.8571,0,6,-3.3272,0.3932,0.0,False
3.666499999999999,0.0752,0.834,0,6,-3.3272,0.3932,0.0,False
3.674900000000001,-0.0859,0.874,0,6,-3.3272,0.3932,0.0,False
3.6831999999999994,-0.1597,0.8871,0,6,-3.3272,0.3932,0.0,False
3.6914999999999996,-0.113,0.8256,0,6,-3.3272,0.3932,0.0,False
3.700100000000001,-0.1373,0.769,0,6,-3.3272,0.3932,0.0,False
3.7081999999999997,-0.0986,0.7682,0,6,-3.3272,0.3932,0.0,False
3.7166999999999994,-0.0136,0.8673,0,6,-3.3272,0.3932,0.0,False
3.7249,-0.1793,0.8293,0,6,-3.3272,0.3932,0.0,False
3.7332,-0.1842,0.8289,0,6,-3.3272,0.3932,0.0,False
3.7417999999999996,-0.137,0.8349,0,6,-3.3272,0.3932,0.0,False
3.7499000000000002,-0.1288,0.8793,0,6,-3.3272,0.3932,0.0,False
3.7582000000000004,-0.2197,0.8987,0,6,-3.3272,0.3932,0.0,False
3.7665000000000006,-0.0963,0.7537,0,6,-3.3272,0.3932,0.0,False
3.7751,-0.2323,0.8508,0,6,-3.3272,0.3932,0.0,False
3.783200000000001,-0.0966,0.7616,0,6,-3.3272,0.3932,0.0,False
3.791499999999999,-0.1471,0.7583,0,6,-3.3272,0.3932,0.0,False
3.8000000000000007,-0.2083,0.839,0,6,-3.3272,0.3932,0.0,False
3.808300000000001,-0.1108,0.85,0,6,-3.3272,0.3932,0.0,False
3.816700000000001,-0.0723,0.8406,0,6,-3.3272,0.3932,0.0,False
3.8248999999999995,-0.179,0.8303,0,6,-3.3272,0.3932,0.0,False
3.8331999999999997,-0.2504,0.7766,0,6,-3.3272,0.3932,0.0,False
3.8419000000000008,-0.0098,0.8945,0,6,-3.3272,0.3932,0.0,False
3.8499,-0.11,0.943,0,6,-3.3272,0.3932,0.0,False
3.8582,-0.1836,0.8506,0,6,-3.3272,0.3932,0.0,False
3.8666,0.0224,0.9179,0,6,-3.3272,0.3932,0.0,False
3.8749000000000002,-0.0844,0.8691,0,6,-3.3272,0.3932,0.0,False
3.8833,-0.0869,0.8988,0,6,-3.3272,0.3932,0.0,False
3.8915000000000006,-0.147,0.8614,0,6,-3.3272,0.3932,0.0,False
3.8999000000000006,-0.1276,0.9548,0,6,-3.3272,0.3932,0.0,False
4.7249,0.4474,0.4583,3,0,-3.3272,0.3932,0.0,False
4.733200000000002,0.4085,0.4462,3,0,-3.3272,0.3932,0.0,False
4.7415,0.2842,0.5414,3,0,-3.3272,0.3932,0.0,False
4.7498999999999985,0.409,0.4775,3,0,-3.3272,0.3932,0.0,False
4.758100000000001,0.3698,0.34,3,0,-3.3272,0.3932,0.0,False
4.766599999999999,0.5221,0.316,3,0,-3.3272,0.3932,0.0,False
4.7753,0.3321,0.4121,3,0,-3.3272,0.3932,0.0,False
4.783199999999999,0.4208,0.4774,3,0,-3.3272,0.3932,0.0,False
4.791500000000001,0.5438,0.2039,3,0,-3.3272,0.3932,0.0,False
4.799899999999999,0.4584,0.2761,3,0,-3.3272,0.3932,0.0,False
4.808200000000001,0.3796,0.263,3,0,-3.3272,0.3932,0.0,False
4.8165,0.3378,0.3132,3,0,-3.3272,0.3932,0.0,False
4.825000000000001,0.3285,0.1686,3,0,-3.3272,0.3932,0.0,False
4.8332,0.4376,0.1962,3,0,-3.3272,0.3932,0.0,False
4.841800000000001,0.3458,0.3141,3,0,-3.3272,0.3932,0.0,False
4.8499,0.3279,0.1194,3,0,-3.3272,0.3932,0.0,False
4.858200000000002,0.2906,0.3999,3,0,-3.3272,0.3932,0.0,False
4.8667,0.2401,0.273,3,0,-3.3272,0.3932,0.0,False
4.8751000000000015,0.3716,0.2653,3,0,-3.3272,0.3932,0.0,False
4.8832,0.3471,0.3617,3,0,-3.3272,0.3932,0.0,False
4.891499999999999,0.4797,0.2161,3,0,-3.3272,0.3932,0.0,False
4.899900000000001,0.3316,0.2372,3,0,-3.3272,0.3932,0.0,False
4.908199999999999,0.2953,0.2745,3,0,-3.3272,0.3932,0.0,False
4.916600000000001,0.3185,0.1733,3,0,-3.3272,0.3932,0.0,False
4.924899999999999,0.4508,0.4673,3,0,-3.3272,0.3932,0.0,False
4.933400000000001,0.3589,0.0843,3,0,-3.3272,0.3932,0.0,False
4.9415,0.2792,0.3681,3,0,-3.3272,0.3932,0.0,False
4.949900000000001,0.3075,-0.0038,3,0,-3.3272,0.3932,0.0,False
4.9582,0.4891,0.3535,3,0,-3.3272,0.3932,0.0,False
4.966500000000002,0.3212,0.0644,3,0,-3.3272,0.3932,0.0,False
4.975,0.3987,0.2831,3,0,-3.3272,0.3932,0.0,False
4.983200000000002,0.4078,0.2613,3,0,-3.3272,0.3932,0.0,False
4.9915,0.4426,0.1705,3,0,-3.3272,0.3932,0.0,False
4.9998999999999985,0.4492,0.3785,3,0,-3.3272,0.3932,0.0,False
5.0082,0.5791,0.1638,3,0,-3.3272,0.3932,0.0,False
5.016699999999998,0.4344,0.1627,3,0,-3.3272,0.3932,0.0,False
5.024900000000001,0.4226,0.1617,3,0,-3.3272,0.3932,0.0,False
5.033199999999999,0.2217,0.0789,3,0,-3.3272,0.3932,0.0,False
5.0419,0.3573,0.1095,3,0,-3.3272,0.3932,0.0,False
5.049899999999999,0.2874,0.0926,3,0,-3.3272,0.3932,0.0,False
5.058200000000001,0.1603,0.1629,3,0,-3.3272,0.3932,0.0,False
5.0665,0.3518,0.0522,3,0,-3.3272,0.3932,0.0,False
5.075200000000001,0.1248,0.2961,3,0,-3.3272,0.3932,0.0,False
5.0832,0.167,0.0906,3,0,-3.3272,0.3932,0.0,False
5.091500000000002,0.185,0.1233,3,0,-3.3272,0.3932,0.0,False
5.0999,-0.0005,0.076,3,0,-3.3272,0.3932,0.0,False
5.108200000000002,-0.0297,0.1532,3,0,-3.3272,0.3932,0.0,False
5.1165,0.1835,0.2202,3,0,-3.3272,0.3932,0.0,False
5.1248999999999985,0.2827,0.0963,3,0,-3.3272,0.3932,0.0,False
5.1332,0.1912,0.004,3,0,-3.3272,0.3932,0.0,False
5.141699999999998,0.1573,0.2159,3,0,-3.3272,0.3932,0.0,False
5.149900000000001,0.013,0.2154,3,0,-3.3272,0.3932,0.0,False
5.158099999999999,0.087,0.35,3,0,-3.3272,0.3932,0.0,False
5.1667000000000005,0.1663,-0.0334,3,0,-3.3272,0.3932,0.0,False
5.1751999999999985,0.1434,0.1601,3,0,-3.3272,0.3932,0.0,False
5.183300000000001,0.222,0.1935,3,0,-3.3272,0.3932,0.0,False
5.1915,0.2594,0.2638,3,0,-3.3272,0.3932,0.0,False
5.199900000000001,0.2052,0.2689,3,0,-3.3272,0.3932,0.0,False
5.208399999999999,0.0926,0.2881,3,0,-3.3272,0.3932,0.0,False
5.216500000000002,0.1949,0.485,3,0,-3.3272,0.3932,0.0,False
5.2249,0.3102,0.3414,3,0,-3.3272,0.3932,0.0,False
5.233200000000002,0.3246,0.3121,3,0,-3.3272,0.3932,0.0,False
5.2418,0.3718,0.4884,3,0,-3.3272,0.3932,0.0,False
5.2498999999999985,0.4694,0.3284,3,0,-3.3272,0.3932,0.0,False
5.2582,0.4055,0.1862,3,0,-3.3272,0.3932,0.0,False
5.266800000000002,0.2044,0.3766,3,0,-3.3272,0.3932,0.0,False
5.2751,0.355,0.0669,3,0,-3.3272,0.3932,0.0,False
5.283199999999999,0.2866,-0.0218,3,0,-3.3272,0.3932,0.0,False
5.291500000000001,0.2225,-0.0077,3,0,-3.3272,0.3932,0.0,False
5.299899999999999,0.2511,-0.004,3,0,-3.3272,0.3932,0.0,False
5.308200000000001,0.0683,-0.0944,3,0,-3.3272,0.3932,0.0,False
5.316699999999999,-0.0026,0.1879,3,0,-3.3272,0.3932,0.0,False
5.324900000000001,0.1092,-0.1878,3,0,-3.3272,0.3932,0.0,False
5.3332,0.2949,-0.0754,3,0,-3.3272,0.3932,0.0,False
5.341500000000002,0.069,-0.1468,3,0,-3.3272,0.3932,0.0,False
5.3499,0.2167,0.0357,3,0,-3.3272,0.3932,0.0,False
5.358200000000002,0.2033,0.1853,3,0,-3.3272,0.3932,0.0,False
5.3666,0.1705,-0.0355,3,0,-3.3272,0.3932,0.0,False
5.3748999999999985,0.1942,-0.0497,3,0,-3.3272,0.3932,0.0,False
5.3832,0.066,-0.1652,3,0,-3.3272,0.3932,0.0,False
5.391499999999999,0.1434,0.1544,3,0,-3.3272,0.3932,0.0,False
5.399900000000001,0.1553,0.1611,3,0,-3.3272,0.3932,0.0,False
5.408199999999999,0.2234,0.3294,3,0,-3.3272,0.3932,0.0,False
5.416600000000001,0.2058,0.2478,3,0,-3.3272,0.3932,0.0,False
5.424899999999999,0.3038,0.3412,3,0,-3.3272,0.3932,0.0,False
5.433200000000001,0.314,0.2256,3,0,-3.3272,0.3932,0.0,False
5.441699999999999,0.2158,0.4442,3,0,-3.3272,0.3932,0.0,False
5.450100000000001,0.2341,0.3043,3,0,-3.3272,0.3932,0.0,False
5.4582,0.2919,0.3287,3,0,-3.3272,0.3932,0.0,False
5.466500000000002,0.4685,0.1812,3,0,-3.3272,0.3932,0.0,False
5.4749,0.3271,0.0963,3,0,-3.3272,0.3932,0.0,False
5.483300000000002,0.2599,0.1619,3,0,-3.3272,0.3932,0.0,False
5.4915,0.3182,0.2408,3,0,-3.3272,0.3932,0.0,False
5.4998999999999985,0.2517,0.2883,3,0,-3.3272,0.3932,0.0,False
5.5082,0.3965,0.1913,3,0,-3.3272,0.3932,0.0,False
5.516499999999999,0.4818,0.1206,3,0,-3.3272,0.3932,0.0,False
5.524900000000001,0.4201,0.378,3,0,-3.3272,0.3932,0.0,False
5.533299999999999,0.3876,0.218,3,0,-3.3272,0.3932,0.0,False
5.5419,0.4168,0.2246,3,0,-3.3272,0.3932,0.0,False
5.549999999999999,0.4245,0.128,3,0,-3.3272,0.3932,0.0,False
5.558200000000001,0.3364,0.2439,3,0,-3.3272,0.3932,0.0,False
5.566599999999999,0.2849,0.2449,3,0,-3.3272,0.3932,0.0,False
5.575100000000001,0.1234,0.3378,3,0,-3.3272,0.3932,0.0,False
5.5832999999999995,0.3737,0.3062,3,0,-3.3272,0.3932,0.0,False
5.5916000000000015,0.2936,0.2719,3,0,-3.3272,0.3932,0.0,False
5.6,0.3579,0.2066,3,0,-3.3272,0.3932,0.0,False
5.608200000000002,0.2214,0.1349,3,0,-3.3272,0.3932,0.0,False
5.6165,0.2739,0.1522,3,0,-3.3272,0.3932,0.0,False
5.6248999999999985,0.3175,0.102,3,0,-3.3272,0.3932,0.0,False
5.6334,0.2754,0.2419,3,0,-3.3272,0.3932,0.0,False
5.641499999999999,0.3312,0.1834,3,0,-3.3272,0.3932,0.0,False
5.65,0.3966,0.2873,3,0,-3.3272,0.3932,0.0,False
5.658299999999999,0.4868,0.275,3,0,-3.3272,0.3932,0.0,False
5.666600000000001,0.3135,0.2304,3,0,-3.3272,0.3932,0.0,False
5.675099999999999,0.3689,0.2024,3,0,-3.3272,0.3932,0.0,False
5.683300000000001,0.3281,0.2745,3,0,-3.3272,0.3932,0.0,False
5.6915,0.5077,0.2622,3,0,-3.3272,0.3932,0.0,False
5.699900000000001,0.4806,0.1673,3,0,-3.3272,0.3932,0.0,False
5.7082,0.3315,0.2641,3,0,-3.3272,0.3932,0.0,False
5.716500000000002,0.4449,0.0947,3,0,-3.3272,0.3932,0.0,False
5.725,0.3752,0.1961,3,0,-3.3272,0.3932,0.0,False
5.733200000000002,0.438,0.3686,3,0,-3.3272,0.3932,0.0,False
5.7417,0.4558,0.22,3,0,-3.3272,0.3932,0.0,False
5.7498999999999985,0.5316,0.0895,3,0,-3.3272,0.3932,0.0,False
5.7582,0.4208,0.2187,3,0,-3.3272,0.3932,0.0,False
5.766499999999999,0.5199,0.1686,3,0,-3.3272,0.3932,0.0,False
5.774900000000001,0.1806,0.0807,3,0,-3.3272,0.3932,0.0,False
5.783199999999999,0.4429,0.1392,3,0,-3.3272,0.3932,0.0,False
5.791500000000001,0.5343,0.1232,3,0,-3.3272,0.3932,0.0,False
5.799899999999999,0.4479,0.2241,3,0,-3.3272,0.3932,0.0,False
5.808200000000001,0.5293,0.103,3,0,-3.3272,0.3932,0.0,False
5.816599999999999,0.5177,0.0378,3,0,-3.3272,0.3932,0.0,False
5.824900000000001,0.2932,0.0845,3,0,-3.3272,0.3932,0.0,False
5.8332,0.4569,0.0481,3,0,-3.3272,0.3932,0.0,False
5.841500000000002,0.4659,0.2395,3,0,-3.3272,0.3932,0.0,False
5.8499,0.4119,0.1141,3,0,-3.3272,0.3932,0.0,False
5.8580999999999985,0.2811,0.1413,3,0,-3.3272,0.3932,0.0,False
5.8665,0.5714,0.0227,3,0,-3.3272,0.3932,0.0,False
5.8751000000000015,0.3808,0.1648,3,0,-3.3272,0.3932,0.0,False
5.8832,0.4045,0.2244,3,0,-3.3272,0.3932,0.0,False
5.891499999999999,0.3279,0.2106,3,0,-3.3272,0.3932,0.0,False
5.899900000000001,0.3842,0.0807,3,0,-3.3272,0.3932,0.0,False
5.908199999999999,0.4933,0.277,3,0,-3.3272,0.3932,0.0,False
5.9167000000000005,0.2807,0.3479,3,0,-3.3272,0.3932,0.0,False
5.924999999999999,0.4845,0.1339,3,0,-3.3272,0.3932,0.0,False
5.933200000000001,0.2696,0.25,3,0,-3.3272,0.3932,0.0,False
5.941699999999999,0.4359,0.2108,3,0,-3.3272,0.3932,0.0,False
5.950000000000001,0.2392,0.2046,3,0,-3.3272,0.3932,0.0,False
5.9582,0.3893,0.2648,3,0,-3.3272,0.3932,0.0,False
5.966800000000001,0.2981,0.304,3,0,-3.3272,0.3932,0.0,False
5.975,0.2216,0.3514,3,0,-3.3272,0.3932,0.0,False
5.983200000000002,0.2348,0.1689,3,0,-3.3272,0.3932,0.0,False
5.9915,0.0921,0.1662,3,0,-3.3272,0.3932,0.0,False
6.000000000000002,0.2554,0.376,3,0,-3.3272,0.3932,0.0,False
6.8248000000000015,0.4069,0.4904,-3,3,-3.3272,0.3932,0.0,False
6.8332,0.4216,0.4369,-3,3,-3.3272,0.3932,0.0,False
6.841700000000001,0.4242,0.4873,-3,3,-3.3272,0.3932,0.0,False
6.85,0.427,0.6528,-3,3,-3.3272,0.3932,0.0,False
6.858200000000002,0.5466,0.5543,-3,3,-3.3272,0.3932,0.0,False
6.8665,0.436,0.3838,-3,3,-3.3272,0.3932,0.0,False
6.874799999999999,0.4437,0.4417,-3,3,-3.3272,0.3932,0.0,False
6.8832,0.3966,0.4769,-3,3,-3.3272,0.3932,0.0,False
6.891499999999999,0.5188,0.6128,-3,3,-3.3272,0.3932,0.0,False
6.899800000000001,0.4467,0.4634,-3,3,-3.3272,0.3932,0.0,False
6.908500000000002,0.4862,0.4912,-3,3,-3.3272,0.3932,0.0,False
6.916500000000001,0.3226,0.4224,-3,3,-3.3272,0.3932,0.0,False
6.924799999999999,0.3989,0.6216,-3,3,-3.3272,0.3932,0.0,False
6.933200000000001,0.3532,0.5313,-3,3,-3.3272,0.3932,0.0,False
6.941799999999999,0.5087,0.4973,-3,3,-3.3272,0.3932,0.0,False
6.9498000000000015,0.4363,0.6011,-3,3,-3.3272,0.3932,0.0,False
6.9582,0.3985,0.4214,-3,3,-3.3272,0.3932,0.0,False
6.966500000000002,0.4248,0.497,-3,3,-3.3272,0.3932,0.0,False
6.9748,0.297,0.4648,-3,3,-3.3272,0.3932,0.0,False
6.983200000000002,0.2757,0.4043,-3,3,-3.3272,0.3932,0.0,False
6.9916,0.478,0.5462,-3,3,-3.3272,0.3932,0.0,False
6.999799999999999,0.3175,0.4506,-3,3,-3.3272,0.3932,0.0,False
7.0082,0.2978,0.5121,-3,3,-3.3272,0.3932,0.0,False
7.016499999999999,0.2716,0.4679,-3,3,-3.3272,0.3932,0.0,False
7.024800000000001,0.3439,0.4698,-3,3,-3.3272,0.3932,0.0,False
7.033199999999999,0.2631,0.5551,-3,3,-3.3272,0.3932,0.0,False
7.0418,0.3738,0.4563,-3,3,-3.3272,0.3932,0.0,False
7.049799999999999,0.3965,0.3475,-3,3,-3.3272,0.3932,0.0,False
7.058200000000001,0.1563,0.4264,-3,3,-3.3272,0.3932,0.0,False
7.0665,0.2357,0.4065,-3,3,-3.3272,0.3932,0.0,False
7.0748000000000015,0.2088,0.4223,-3,3,-3.3272,0.3932,0.0,False
7.083399999999999,0.2492,0.4403,-3,3,-3.3272,0.3932,0.0,False
7.091500000000002,0.1941,0.3812,-3,3,-3.3272,0.3932,0.0,False
7.0998,0.2083,0.3768,-3,3,-3.3272,0.3932,0.0,False
7.108500000000001,0.2424,0.3612,-3,3,-3.3272,0.3932,0.0,False
7.1165,0.2623,0.3057,-3,3,-3.3272,0.3932,0.0,False
7.124799999999999,0.1575,0.3516,-3,3,-3.3272,0.3932,0.0,False
7.1332,0.2796,0.507,-3,3,-3.3272,0.3932,0.0,False
7.141800000000002,0.2738,0.3953,-3,3,-3.3272,0.3932,0.0,False
7.149800000000001,0.2777,0.5466,-3,3,-3.3272,0.3932,0.0,False
7.158199999999999,0.0486,0.4687,-3,3,-3.3272,0.3932,0.0,False
7.166500000000001,-0.2372,0.3569,-3,3,-3.3272,0.3932,0.0,False
7.174799999999999,-0.185,0.0948,-3,3,-3.3272,0.3932,0.0,False
7.183300000000001,0.0203,-0.0204,-3,3,-3.3272,0.3932,0.0,False
7.1915,0.1318,0.1444,-3,3,-3.3272,0.3932,0.0,False
7.199900000000001,0.1862,0.1708,-3,3,-3.3272,0.3932,0.0,False
7.208499999999999,0.0914,0.2229,-3,3,-3.3272,0.3932,0.0,False
7.216700000000001,0.2108,0.174,-3,3,-3.3272,0.3932,0.0,False
7.2248,0.2261,0.2709,-3,3,-3.3272,0.3932,0.0,False
7.233200000000002,0.1408,0.1187,-3,3,-3.3272,0.3932,0.0,False
7.2415,0.1492,0.2922,-3,3,-3.3272,0.3932,0.0,False
7.249799999999999,0.0377,0.2527,-3,3,-3.3272,0.3932,0.0,False
7.2582,0.1786,0.1868,-3,3,-3.3272,0.3932,0.0,False
7.266499999999999,0.1141,0.1858,-3,3,-3.3272,0.3932,0.0,False
7.274800000000001,0.0941,0.1927,-3,3,-3.3272,0.3932,0.0,False
7.283199999999999,0.0604,0.256,-3,3,-3.3272,0.3932,0.0,False
7.291500000000001,0.0271,0.245,-3,3,-3.3272,0.3932,0.0,False
7.299899999999999,0.1439,0.2255,-3,3,-3.3272,0.3932,0.0,False
7.308300000000001,0.0876,0.0682,-3,3,-3.3272,0.3932,0.0,False
7.3165,0.2238,0.1327,-3,3,-3.3272,0.3932,0.0,False
7.324900000000001,0.1273,0.1255,-3,3,-3.3272,0.3932,0.0,False
7.3332,0.2382,0.2976,-3,3,-3.3272,0.3932,0.0,False
7.341700000000001,0.3201,0.472,-3,3,-3.3272,0.3932,0.0,False
7.35,0.3796,0.5989,-3,3,-3.3272,0.3932,0.0,False
7.358200000000002,0.3081,0.6,-3,3,-3.3272,0.3932,0.0,False
7.3667,0.2897,0.5778,-3,3,-3.3272,0.3932,0.0,False
7.3748999999999985,0.2064,0.4993,-3,3,-3.3272,0.3932,0.0,False
7.3832,0.369,0.4968,-3,3,-3.3272,0.3932,0.0,False
7.391499999999999,0.3424,0.609,-3,3,-3.3272,0.3932,0.0,False
7.399800000000001,0.235,0.4245,-3,3,-3.3272,0.3932,0.0,False
7.408199999999999,0.3896,0.648,-3,3,-3.3272,0.3932,0.0,False
7.416600000000001,0.2778,0.5819,-3,3,-3.3272,0.3932,0.0,False
7.424799999999999,0.3502,0.4354,-3,3,-3.3272,0.3932,0.0,False
7.433300000000001,0.2884,0.6697,-3,3,-3.3272,0.3932,0.0,False
7.441699999999999,0.237,0.4813,-3,3,-3.3272,0.3932,0.0,False
7.450000000000001,0.343,0.58,-3,3,-3.3272,0.3932,0.0,False
7.4582,0.264,0.5444,-3,3,-3.3272,0.3932,0.0,False
7.4666000000000015,0.3295,0.6339,-3,3,-3.3272,0.3932,0.0,False
7.4748,0.3195,0.5162,-3,3,-3.3272,0.3932,0.0,False
7.483300000000002,0.2721,0.4819,-3,3,-3.3272,0.3932,0.0,False
7.4915,0.2629,0.5251,-3,3,-3.3272,0.3932,0.0,False
7.499799999999999,0.345,0.5779,-3,3,-3.3272,0.3932,0.0,False
7.5082,0.3252,0.6533,-3,3,-3.3272,0.3932,0.0,False
7.516499999999999,0.2387,0.6275,-3,3,-3.3272,0.3932,0.0,False
7.524800000000001,0.3277,0.5434,-3,3,-3.3272,0.3932,0.0,False
7.533199999999999,0.2925,0.6451,-3,3,-3.3272,0.3932,0.0,False
7.541500000000001,0.2564,0.6546,-3,3,-3.3272,0.3932,0.0,False
7.549999999999999,0.2328,0.4594,-3,3,-3.3272,0.3932,0.0,False
7.558200000000001,0.1753,0.5398,-3,3,-3.3272,0.3932,0.0,False
7.5665,0.2669,0.673,-3,3,-3.3272,0.3932,0.0,False
7.575200000000001,0.2924,0.631,-3,3,-3.3272,0.3932,0.0,False
7.5832,0.2787,0.3732,-3,3,-3.3272,0.3932,0.0,False
7.591500000000002,0.3742,0.5505,-3,3,-3.3272,0.3932,0.0,False
7.5998,0.21,0.4566,-3,3,-3.3272,0.3932,0.0,False
7.608200000000002,0.2987,0.6745,-3,3,-3.3272,0.3932,0.0,False
7.6168,0.3131,0.5736,-3,3,-3.3272,0.3932,0.0,False
7.624799999999999,0.1329,0.5875,-3,3,-3.3272,0.3932,0.0,False
7.6332,0.231,0.7042,-3,3,-3.3272,0.3932,0.0,False
7.6419000000000015,0.3505,0.6003,-3,3,-3.3272,0.3932,0.0,False
7.649800000000001,0.237,0.4118,-3,3,-3.3272,0.3932,0.0,False
7.658199999999999,0.2544,0.5022,-3,3,-3.3272,0.3932,0.0,False
7.6669,0.2626,0.6056,-3,3,-3.3272,0.3932,0.0,False
7.674799999999999,0.2404,0.5333,-3,3,-3.3272,0.3932,0.0,False
7.683300000000001,0.0784,0.57,-3,3,-3.3272,0.3932,0.0,False
7.6915,0.2449,0.4798,-3,3,-3.3272,0.3932,0.0,False
7.6998000000000015,0.308,0.5979,-3,3,-3.3272,0.3932,0.0,False
7.7082,0.2877,0.6119,-3,3,-3.3272,0.3932,0.0,False
7.7166000000000015,0.3818,0.5879,-3,3,-3.3272,0.3932,0.0,False
7.7248,0.2989,0.5771,-3,3,-3.3272,0.3932,0.0,False
7.733400000000001,0.3946,0.5613,-3,3,-3.3272,0.3932,0.0,False
7.7415,0.4042,0.6203,-3,3,-3.3272,0.3932,0.0,False
7.7498999999999985,0.2631,0.5827,-3,3,-3.3272,0.3932,0.0,False
7.7582,0.3008,0.5727,-3,3,-3.3272,0.3932,0.0,False
7.766499999999999,0.3719,0.4347,-3,3,-3.3272,0.3932,0.0,False
7.774900000000001,0.3672,0.4616,-3,3,-3.3272,0.3932,0.0,False
7.7833999999999985,0.3812,0.5002,-3,3,-3.3272,0.3932,0.0,False
7.791500000000001,0.3105,0.5239,-3,3,-3.3272,0.3932,0.0,False
7.799799999999999,0.3313,0.602,-3,3,-3.3272,0.3932,0.0,False
7.808200000000001,0.4324,0.496,-3,3,-3.3272,0.3932,0.0,False
7.816699999999999,0.3751,0.5203,-3,3,-3.3272,0.3932,0.0,False
7.8248000000000015,0.3068,0.6252,-3,3,-3.3272,0.3932,0.0,False
7.8332,0.1779,0.571,-3,3,-3.3272,0.3932,0.0,False
7.841800000000001,0.2858,0.5654,-3,3,-3.3272,0.3932,0.0,False
7.8498,0.3134,0.5377,-3,3,-3.3272,0.3932,0.0,False
7.858200000000002,0.1796,0.5029,-3,3,-3.3272,0.3932,0.0,False
7.8666,0.3553,0.5528,-3,3,-3.3272,0.3932,0.0,False
7.875200000000001,0.351,0.4417,-3,3,-3.3272,0.3932,0.0,False
7.8832,0.4718,0.4979,-3,3,-3.3272,0.3932,0.0,False
7.891499999999999,0.367,0.6131,-3,3,-3.3272,0.3932,0.0,False
7.899800000000001,0.237,0.5957,-3,3,-3.3272,0.3932,0.0,False
7.908199999999999,0.4215,0.6244,-3,3,-3.3272,0.3932,0.0,False
7.916500000000001,0.3493,0.5347,-3,3,-3.3272,0.3932,0.0,False
7.924799999999999,0.3088,0.5676,-3,3,-3.3272,0.3932,0.0,False
7.933200000000001,0.3667,0.5564,-3,3,-3.3272,0.3932,0.0,False
7.9415,0.5025,0.5188,-3,3,-3.3272,0.3932,0.0,False
7.949900000000001,0.4129,0.5115,-3,3,-3.3272,0.3932,0.0,False
7.9582,0.4431,0.4508,-3,3,-3.3272,0.3932,0.0,False
7.9666000000000015,0.3824,0.6283,-3,3,-3.3272,0.3932,0.0,False
7.9748,0.3385,0.5594,-3,3,-3.3272,0.3932,0.0,False
7.983200000000002,0.439,0.5876,-3,3,-3.3272,0.3932,0.0,False
7.9915,0.1815,0.5569,-3,3,-3.3272,0.3932,0.0,False
8.000000000000002,0.3092,0.6162,-3,3,-3.3272,0.3932,0.0,False
8.824800000000002,-0.6491,0.9281,6,6,-3.3272,0.3932,0.0,False
8.8332,-0.5866,1.0136,6,6,-3.3272,0.3932,0.0,False
8.841800000000001,-0.6641,0.9332,6,6,-3.3272,0.3932,0.0,False
8.8499,-0.6638,1.0506,6,6,-3.3272,0.3932,0.0,False
8.858200000000002,-0.5854,0.941,6,6,-3.3272,0.3932,0.0,False
8.8666,-0.7337,0.9777,6,6,-3.3272,0.3932,0.0,False
8.874799999999999,-0.9014,0.9345,6,6,-3.3272,0.3932,0.0,False
8.8832,-0.7994,0.8811,6,6,-3.3272,0.3932,0.0,False
8.891499999999999,-0.8559,0.8918,6,6,-3.3272,0.3932,0.0,False
8.8998,-0.9178,0.9196,6,6,-3.3272,0.3932,0.0,False
8.908199999999999,-0.7099,0.939,6,6,-3.3272,0.3932,0.0,False
8.916500000000001,-0.8691,1.0332,6,6,-3.3272,0.3932,0.0,False
8.9248,-0.6667,0.8327,6,6,-3.3272,0.3932,0.0,False
8.933200000000001,-0.7892,0.9363,6,6,-3.3272,0.3932,0.0,False
8.9415,-0.7099,1.0641,6,6,-3.3272,0.3932,0.0,False
8.949800000000002,-0.6469,1.0038,6,6,-3.3272,0.3932,0.0,False
8.9582,-0.7019,1.0839,6,6,-3.3272,0.3932,0.0,False
8.966600000000001,-0.733,1.0404,6,6,-3.3272,0.3932,0.0,False
8.9749,-0.7601,1.0457,6,6,-3.3272,0.3932,0.0,False
8.983300000000002,-0.9087,0.9697,6,6,-3.3272,0.3932,0.0,False
8.9915,-0.8393,1.0806,6,6,-3.3272,0.3932,0.0,False
8.999799999999999,-0.8717,1.0715,6,6,-3.3272,0.3932,0.0,False
9.0082,-0.8217,1.0,6,6,-3.3272,0.3932,0.0,False
9.016499999999999,-0.8789,1.1235,6,6,-3.3272,0.3932,0.0,False
9.0248,-0.8111,0.8909,6,6,-3.3272,0.3932,0.0,False
9.033199999999999,-0.8535,0.9842,6,6,-3.3272,0.3932,0.0,False
9.0417,-0.761,0.9815,6,6,-3.3272,0.3932,0.0,False
9.0498,-0.7313,1.0033,6,6,-3.3272,0.3932,0.0,False
9.058200000000001,-0.8224,0.9714,6,6,-3.3272,0.3932,0.0,False
9.0665,-0.8451,0.8508,6,6,-3.3272,0.3932,0.0,False
9.074800000000002,-0.8113,0.9711,6,6,-3.3272,0.3932,0.0,False
9.0832,-0.7798,0.9177,6,6,-3.3272,0.3932,0.0,False
9.091500000000002,-0.7588,0.8436,6,6,-3.3272,0.3932,0.0,False
9.0998,-0.6544,1.0018,6,6,-3.3272,0.3932,0.0,False
9.108400000000001,-0.6561,0.887,6,6,-3.3272,0.3932,0.0,False
9.1165,-0.7361,0.9248,6,6,-3.3272,0.3932,0.0,False
9.124799999999999,-0.6779,0.9141,6,6,-3.3272,0.3932,0.0,False
9.1332,-0.735,1.1044,6,6,-3.3272,0.3932,0.0,False
9.141699999999998,-0.815,1.0104,6,6,-3.3272,0.3932,0.0,False
9.1498,-0.851,1.1815,6,6,-3.3272,0.3932,0.0,False
9.158199999999999,-0.9108,1.1125,6,6,-3.3272,0.3932,0.0,False
9.1667,-0.8707,1.086,6,6,-3.3272,0.3932,0.0,False
9.1748,-0.8876,1.2302,6,6,-3.3272,0.3932,0.0,False
9.183200000000001,-0.7965,1.1706,6,6,-3.3272,0.3932,0.0,False
9.1916,-0.8495,1.0519,6,6,-3.3272,0.3932,0.0,False
9.4751,-0.4292,0.0592,6,6,-3.3272,0.3932,0.0,False
9.483200000000002,-0.5671,0.1461,6,6,-3.3272,0.3932,0.0,False
9.4915,-0.798,0.1036,6,6,-3.3272,0.3932,0.0,False
9.499799999999999,-0.6751,0.1841,6,6,-3.3272,0.3932,0.0,False
9.5084,-0.7695,0.2776,6,6,-3.3272,0.3932,0.0,False
9.516499999999999,-0.7533,0.3805,6,6,-3.3272,0.3932,0.0,False
9.5248,-0.791,0.4476,6,6,-3.3272,0.3932,0.0,False
9.533199999999999,-0.8251,0.2484,6,6,-3.3272,0.3932,0.0,False
9.5416,-0.688,0.5325,6,6,-3.3272,0.3932,0.0,False
9.5498,-0.7716,0.6672,6,6,-3.3272,0.3932,0.0,False
9.558300000000001,-0.6053,0.6078,6,6,-3.3272,0.3932,0.0,False
9.566699999999999,-0.6627,0.6193,6,6,-3.3272,0.3932,0.0,False
9.574800000000002,-0.6551,0.581,6,6,-3.3272,0.3932,0.0,False
9.5832,-0.7373,0.5601,6,6,-3.3272,0.3932,0.0,False
9.591500000000002,-0.6605,0.4467,6,6,-3.3272,0.3932,0.0,False
9.5998,-0.8216,0.6189,6,6,-3.3272,0.3932,0.0,False
9.608400000000001,-0.8621,0.6293,6,6,-3.3272,0.3932,0.0,False
9.6165,-0.8297,0.5473,6,6,-3.3272,0.3932,0.0,False
9.624799999999999,-0.9669,0.6088,6,6,-3.3272,0.3932,0.0,False
9.6332,-0.8761,0.7797,6,6,-3.3272,0.3932,0.0,False
9.641699999999998,-0.8326,0.6258,6,6,-3.3272,0.3932,0.0,False
9.6498,-1.0394,0.6083,6,6,-3.3272,0.3932,0.0,False
9.658199999999999,-0.9935,0.6917,6,6,-3.3272,0.3932,0.0,False
9.6666,-0.9661,0.7108,6,6,-3.3272,0.3932,0.0,False
9.6748,-0.8905,0.7635,6,6,-3.3272,0.3932,0.0,False
9.683200000000001,-0.6925,0.7596,6,6,-3.3272,0.3932,0.0,False
9.6915,-0.8728,0.7463,6,6,-3.3272,0.3932,0.0,False
9.699800000000002,-0.7488,0.7957,6,6,-3.3272,0.3932,0.0,False
9.7084,-0.8703,0.8135,6,6,-3.3272,0.3932,0.0,False
9.716500000000002,-0.7461,0.7463,6,6,-3.3272,0.3932,0.0,False
9.7248,-0.8724,0.7595,6,6,-3.3272,0.3932,0.0,False
9.733200000000002,-0.8397,0.8129,6,6,-3.3272,0.3932,0.0,False
9.7417,-0.9039,0.8003,6,6,-3.3272,0.3932,0.0,False
9.749799999999999,-0.9192,0.7736,6,6,-3.3272,0.3932,0.0,False
9.7582,-0.8616,0.7368,6,6,-3.3272,0.3932,0.0,False
9.766599999999999,-0.867,0.8505,6,6,-3.3272,0.3932,0.0,False
9.7748,-0.8689,0.7948,6,6,-3.3272,0.3932,0.0,False
9.783199999999999,-0.9423,0.6772,6,6,-3.3272,0.3932,0.0,False
9.791500000000001,-0.8599,0.6402,6,6,-3.3272,0.3932,0.0,False
9.7998,-0.8917,0.6617,6,6,-3.3272,0.3932,0.0,False
9.8084,-0.9994,0.8486,6,6,-3.3272,0.3932,0.0,False
9.8166,-0.9231,0.7719,6,6,-3.3272,0.3932,0.0,False
9.824800000000002,-0.8389,0.5983,6,6,-3.3272,0.3932,0.0,False
9.8333,-0.9899,0.7453,6,6,-3.3272,0.3932,0.0,False
9.841500000000002,-0.997,0.7559,6,6,-3.3272,0.3932,0.0,False
9.8499,-0.8054,0.7438,6,6,-3.3272,0.3932,0.0,False
9.858200000000002,-1.0421,0.883,6,6,-3.3272,0.3932,0.0,False
9.8666,-0.9676,0.7627,6,6,-3.3272,0.3932,0.0,False
9.874799999999999,-0.9864,0.8429,6,6,-3.3272,0.3932,0.0,False
9.8832,-1.046,0.9122,6,6,-3.3272,0.3932,0.0,False
9.891499999999999,-1.0466,0.77,6,6,-3.3272,0.3932,0.0,False
9.8998,-1.0289,0.7419,6,6,-3.3272,0.3932,0.0,False
9.908199999999999,-0.9759,0.7989,6,6,-3.3272,0.3932,0.0,False
9.9166,-0.9675,0.9104,6,6,-3.3272,0.3932,0.0,False
9.9248,-0.8795,0.9777,6,6,-3.3272,0.3932,0.0,False
9.933200000000001,-0.95,0.9402,6,6,-3.3272,0.3932,0.0,False
9.941799999999999,-0.8559,0.8067,6,6,-3.3272,0.3932,0.0,False
9.949800000000002,-1.0055,0.788,6,6,-3.3272,0.3932,0.0,False
9.9582,-0.9743,0.8842,6,6,-3.3272,0.3932,0.0,False
9.966600000000001,-0.9794,0.8235,6,6,-3.3272,0.3932,0.0,False
9.9748,-0.8258,0.9116,6,6,-3.3272,0.3932,0.0,False
9.983200000000002,-0.9049,0.8567,6,6,-3.3272,0.3932,0.0,False
9.9915,-0.9338,0.8598,6,6,-3.3272,0.3932,0.0,False
9.999799999999999,-0.8846,0.7841,6,6,-3.3272,0.3932,0.0,False
10.0084,-0.9702,0.8784,6,6,-3.3272,0.3932,0.0,False
10.016499999999999,-0.8669,0.9341,6,6,-3.3272,0.3932,0.0,False
10.0248,-0.8062,0.9293,6,6,-3.3272,0.3932,0.0,False
10.033199999999999,-0.9516,0.8635,6,6,-3.3272,0.3932,0.0,False
10.0417,-0.9598,0.9905,6,6,-3.3272,0.3932,0.0,False
10.0499,-0.9125,0.9601,6,6,-3.3272,0.3932,0.0,False
10.058200000000001,-0.8476,1.0228,6,6,-3.3272,0.3932,0.0,False
10.0665,-0.8456,0.9132,6,6,-3.3272,0.3932,0.0,False
10.891499999999999,0.9804,-0.5428,-6,-3,-3.3272,0.3932,0.0,False
10.8998,0.937,-0.354,-6,-3,-3.3272,0.3932,0.0,False
10.908199999999999,0.8676,-0.1189,-6,-3,-3.3272,0.3932,0.0,False
10.9167,0.7411,-0.6065,-6,-3,-3.3272,0.3932,0.0,False
10.9248,0.7093,-0.0695,-6,-3,-3.3272,0.3932,0.0,False
10.933200000000001,0.8649,-0.3641,-6,-3,-3.3272,0.3932,0.0,False
10.941799999999999,0.7908,-0.2271,-6,-3,-3.3272,0.3932,0.0,False
10.949800000000002,0.8514,-0.0854,-6,-3,-3.3272,0.3932,0.0,False
10.9582,0.7629,-0.4518,-6,-3,-3.3272,0.3932,0.0,False
10.966700000000001,0.8183,-0.2979,-6,-3,-3.3272,0.3932,0.0,False
10.9748,0.588,-0.1041,-6,-3,-3.3272,0.3932,0.0,False
10.983200000000002,0.7948,-0.091,-6,-3,-3.3272,0.3932,0.0,False
10.9915,0.7952,-0.1528,-6,-3,-3.3272,0.3932,0.0,False
10.999799999999999,0.719,-0.0962,-6,-3,-3.3272,0.3932,0.0,False
11.0082,0.7063,-0.0793,-6,-3,-3.3272,0.3932,0.0,False
11.016499999999999,0.5672,-0.2939,-6,-3,-3.3272,0.3932,0.0,False
11.0248,0.5054,-0.328,-6,-3,-3.3272,0.3932,0.0,False
11.033199999999999,0.5047,-0.2393,-6,-3,-3.3272,0.3932,0.0,False
11.0417,0.4398,-0.3027,-6,-3,-3.3272,0.3932,0.0,False
11.0498,0.8278,-0.3727,-6,-3,-3.3272,0.3932,0.0,False
11.058200000000001,0.6279,-0.4081,-6,-3,-3.3272,0.3932,0.0,False
11.0665,0.4749,-0.1832,-6,-3,-3.3272,0.3932,0.0,False
11.074800000000002,0.6729,-0.294,-6,-3,-3.3272,0.3932,0.0,False
11.0832,0.8549,-0.5193,-6,-3,-3.3272,0.3932,0.0,False
11.091500000000002,0.5931,-0.3715,-6,-3,-3.3272,0.3932,0.0,False
11.0998,0.4206,-0.2297,-6,-3,-3.3272,0.3932,0.0,False
11.108300000000002,0.6711,-0.2894,-6,-3,-3.3272,0.3932,0.0,False
11.1165,0.6308,-0.3225,-6,-3,-3.3272,0.3932,0.0,False
11.124799999999999,0.645,-0.3165,-6,-3,-3.3272,0.3932,0.0,False
11.1332,0.4938,-0.28,-6,-3,-3.3272,0.3932,0.0,False
11.141800000000002,0.6606,-0.6091,-6,-3,-3.3272,0.3932,0.0,False
11.1499,0.5576,-0.322,-6,-3,-3.3272,0.3932,0.0,False
11.158199999999999,0.6097,-0.4579,-6,-3,-3.3272,0.3932,0.0,False
11.166500000000001,0.4536,-0.3288,-6,-3,-3.3272,0.3932,0.0,False
11.1748,0.6703,-0.4244,-6,-3,-3.3272,0.3932,0.0,False
11.183200000000001,0.4992,-0.3057,-6,-3,-3.3272,0.3932,0.0,False
11.1914,1.0996,-0.5157,-6,-3,-3.3272,0.3932,0.0,False
11.199800000000002,0.7571,-0.4664,-6,-3,-3.3272,0.3932,0.0,False
11.208499999999999,0.9247,-0.2253,-6,-3,-3.3272,0.3932,0.0,False
11.216399999999998,0.962,-0.4167,-6,-3,-3.3272,0.3932,0.0,False
11.2248,0.9746,-0.2308,-6,-3,-3.3272,0.3932,0.0,False
11.233200000000002,0.9235,-0.3091,-6,-3,-3.3272,0.3932,0.0,False
11.2414,0.8494,-0.1302,-6,-3,-3.3272,0.3932,0.0,False
11.249899999999998,0.8845,-0.2978,-6,-3,-3.3272,0.3932,0.0,False
11.2582,0.9276,-0.3641,-6,-3,-3.3272,0.3932,0.0,False
11.266499999999999,0.7146,-0.274,-6,-3,-3.3272,0.3932,0.0,False
11.2751,0.9406,-0.2457,-6,-3,-3.3272,0.3932,0.0,False
11.283199999999999,1.139,-0.1463,-6,-3,-3.3272,0.3932,0.0,False
11.291500000000001,0.7826,-0.4594,-6,-3,-3.3272,0.3932,0.0,False
11.2998,0.9626,-0.3603,-6,-3,-3.3272,0.3932,0.0,False
11.308200000000001,0.8367,-0.2942,-6,-3,-3.3272,0.3932,0.0,False
11.3164,1.0997,-0.3741,-6,-3,-3.3272,0.3932,0.0,False
11.324800000000002,1.0108,-0.5712,-6,-3,-3.3272,0.3932,0.0,False
11.3332,0.8208,-0.2373,-6,-3,-3.3272,0.3932,0.0,False
11.341399999999998,1.2597,-0.3423,-6,-3,-3.3272,0.3932,0.0,False
11.3498,0.8298,-0.2329,-6,-3,-3.3272,0.3932,0.0,False
11.358200000000002,0.9616,-0.394,-6,-3,-3.3272,0.3932,0.0,False
11.3664,0.8914,-0.4171,-6,-3,-3.3272,0.3932,0.0,False
11.374799999999999,1.024,-0.5458,-6,-3,-3.3272,0.3932,0.0,False
11.3832,1.1424,-0.5782,-6,-3,-3.3272,0.3932,0.0,False
11.391499999999999,0.8881,-0.3888,-6,-3,-3.3272,0.3932,0.0,False
11.4,0.9441,-0.499,-6,-3,-3.3272,0.3932,0.0,False
11.408399999999999,0.979,-0.3134,-6,-3,-3.3272,0.3932,0.0,False
11.416400000000001,1.2611,-0.4358,-6,-3,-3.3272,0.3932,0.0,False
11.4248,1.0349,-0.3497,-6,-3,-3.3272,0.3932,0.0,False
11.433200000000001,0.9904,-0.3298,-6,-3,-3.3272,0.3932,0.0,False
11.4416,0.9921,-0.5671,-6,-3,-3.3272,0.3932,0.0,False
11.449900000000001,0.9754,-0.5293,-6,-3,-3.3272,0.3932,0.0,False
11.4581,0.8486,-0.2167,-6,-3,-3.3272,0.3932,0.0,False
11.466500000000002,0.9175,-0.5328,-6,-3,-3.3272,0.3932,0.0,False
11.4748,1.0932,-0.3796,-6,-3,-3.3272,0.3932,0.0,False
11.483300000000002,1.1555,-0.2516,-6,-3,-3.3272,0.3932,0.0,False
11.4914,0.9665,-0.2071,-6,-3,-3.3272,0.3932,0.0,False
11.499799999999999,0.8723,-0.3526,-6,-3,-3.3272,0.3932,0.0,False
11.5083,0.7106,-0.3723,-6,-3,-3.3272,0.3932,0.0,False
11.516399999999999,0.8078,-0.4332,-6,-3,-3.3272,0.3932,0.0,False
11.5248,0.954,-0.2349,-6,-3,-3.3272,0.3932,0.0,False
11.533199999999999,0.9266,-0.1758,-6,-3,-3.3272,0.3932,0.0,False
11.541400000000001,0.9328,-0.149,-6,-3,-3.3272,0.3932,0.0,False
11.5499,0.7703,-0.3226,-6,-3,-3.3272,0.3932,0.0,False
11.558200000000001,0.8364,-0.257,-6,-3,-3.3272,0.3932,0.0,False
11.5664,0.8846,-0.1991,-6,-3,-3.3272,0.3932,0.0,False
11.5751,0.854,-0.2393,-6,-3,-3.3272,0.3932,0.0,False
11.5832,0.9683,-0.0836,-6,-3,-3.3272,0.3932,0.0,False
11.591500000000002,0.8119,-0.0902,-6,-3,-3.3272,0.3932,0.0,False
11.5998,1.0386,-0.4657,-6,-3,-3.3272,0.3932,0.0,False
11.608300000000002,0.7745,-0.246,-6,-3,-3.3272,0.3932,0.0,False
11.6164,0.8811,-0.2366,-6,-3,-3.3272,0.3932,0.0,False
11.624799999999999,0.9224,-0.1086,-6,-3,-3.3272,0.3932,0.0,False
11.6332,1.025,-0.3742,-6,-3,-3.3272,0.3932,0.0,False
11.641399999999999,0.7339,-0.3924,-6,-3,-3.3272,0.3932,0.0,False
11.6498,0.6878,-0.4468,-6,-3,-3.3272,0.3932,0.0,False
11.658199999999999,0.8486,-0.7347,-6,-3,-3.3272,0.3932,0.0,False
11.6666,1.0348,-0.5778,-6,-3,-3.3272,0.3932,0.0,False
11.6748,0.8958,-0.5499,-6,-3,-3.3272,0.3932,0.0,False
11.683300000000001,1.1174,-0.5928,-6,-3,-3.3272,0.3932,0.0,False
11.6914,1.0416,-0.5717,-6,-3,-3.3272,0.3932,0.0,False
11.699800000000002,0.5574,-0.3628,-6,-3,-3.3272,0.3932,0.0,False
11.7083,1.1073,-0.4211,-6,-3,-3.3272,0.3932,0.0,False
11.716399999999998,0.7759,-0.6824,-6,-3,-3.3272,0.3932,0.0,False
11.7248,1.2112,-0.3781,-6,-3,-3.3272,0.3932,0.0,False
11.733200000000002,0.9189,-0.5429,-6,-3,-3.3272,0.3932,0.0,False
11.7414,0.875,-0.537,-6,-3,-3.3272,0.3932,0.0,False
11.749799999999999,0.5525,-0.4851,-6,-3,-3.3272,0.3932,0.0,False
11.7582,0.8877,-0.4304,-6,-3,-3.3272,0.3932,0.0,False
11.766399999999999,0.9058,-0.2602,-6,-3,-3.3272,0.3932,0.0,False
11.7748,0.7899,-0.1217,-6,-3,-3.3272,0.3932,0.0,False
11.783199999999999,0.823,-0.1408,-6,-3,-3.3272,0.3932,0.0,False
11.791400000000001,0.7968,-0.1745,-6,-3,-3.3272,0.3932,0.0,False
11.7999,0.9181,0.0307,-6,-3,-3.3272,0.3932,0.0,False
11.808200000000001,0.7402,-0.0844,-6,-3,-3.3272,0.3932,0.0,False
11.8164,0.78,-0.3613,-6,-3,-3.3272,0.3932,0.0,False
11.824900000000001,0.6737,-0.2185,-6,-3,-3.3272,0.3932,0.0,False
11.8333,0.9543,-0.358,-6,-3,-3.3272,0.3932,0.0,False
11.841700000000001,0.8272,-0.1558,-6,-3,-3.3272,0.3932,0.0,False
11.8499,0.9615,-0.376,-6,-3,-3.3272,0.3932,0.0,False
11.858200000000002,0.6329,-0.1783,-6,-3,-3.3272,0.3932,0.0,False
11.8665,0.7297,-0.1954,-6,-3,-3.3272,0.3932,0.0,False
11.874799999999999,0.9266,-0.4919,-6,-3,-3.3272,0.3932,0.0,False
11.8833,0.7318,-0.2291,-6,-3,-3.3272,0.3932,0.0,False
11.891399999999999,0.7843,-0.2789,-6,-3,-3.3272,0.3932,0.0,False
11.8998,0.7795,-0.3461,-6,-3,-3.3272,0.3932,0.0,False
11.908399999999999,0.6291,-0.4048,-6,-3,-3.3272,0.3932,0.0,False
11.916400000000001,0.6825,-0.2616,-6,-3,-3.3272,0.3932,0.0,False
11.9248,0.8322,-0.2098,-6,-3,-3.3272,0.3932,0.0,False
11.933200000000001,0.7907,-0.5992,-6,-3,-3.3272,0.3932,0.0,False
11.941699999999999,0.7991,-0.3738,-6,-3,-3.3272,0.3932,0.0,False
11.949800000000002,0.8036,-0.3667,-6,-3,-3.3272,0.3932,0.0,False
11.9582,0.6752,-0.3048,-6,-3,-3.3272,0.3932,0.0,False
11.966700000000001,0.6687,-0.1861,-6,-3,-3.3272,0.3932,0.0,False
11.9752,0.8485,-0.5715,-6,-3,-3.3272,0.3932,0.0,False
11.983200000000002,0.595,-0.3393,-6,-3,-3.3272,0.3932,0.0,False
11.9914,0.6959,-0.5055,-6,-3,-3.3272,0.3932,0.0,False
11.999799999999999,0.5281,-0.4615,-6,-3,-3.3272,0.3932,0.0,False
12.0086,0.5575,-0.379,-6,-3,-3.3272,0.3932,0.0,False
12.016399999999999,0.4895,-0.3211,-6,-3,-3.3272,0.3932,0.0,False
12.0248,0.5031,-0.3405,-6,-3,-3.3272,0.3932,0.0,False
12.033199999999999,0.6004,-0.3069,-6,-3,-3.3272,0.3932,0.0,False
12.0417,0.611,-0.255,-6,-3,-3.3272,0.3932,0.0,False
12.0498,0.5822,-0.3709,-6,-3,-3.3272,0.3932,0.0,False
12.058100000000001,0.5878,-0.1928,-6,-3,-3.3272,0.3932,0.0,False
12.0664,0.5338,-0.3474,-6,-3,-3.3272,0.3932,0.0,False
12.074800000000002,0.5216,-0.2724,-6,-3,-3.3272,0.3932,0.0,False
12.0832,0.4355,-0.2298,-6,-3,-3.3272,0.3932,0.0,False
12.091399999999998,0.3496,-0.2526,-6,-3,-3.3272,0.3932,0.0,False
12.0998,0.618,-0.4378,-6,-3,-3.3272,0.3932,0.0,False
12.108200000000002,0.4891,-0.3586,-6,-3,-3.3272,0.3932,0.0,False
12.1166,0.4509,-0.3284,-6,-3,-3.3272,0.3932,0.0,False
12.124799999999999,0.3531,-0.4126,-6,-3,-3.3272,0.3932,0.0,False
12.1332,0.6733,-0.3568,-6,-3,-3.3272,0.3932,0.0,False
12.141800000000002,0.4972,-0.4188,-6,-3,-3.3272,0.3932,0.0,False
12.1498,0.7208,-0.3369,-6,-3,-3.3272,0.3932,0.0,False
12.158199999999999,0.5807,-0.0958,-6,-3,-3.3272,0.3932,0.0,False
12.166400000000001,0.575,-0.0593,-6,-3,-3.3272,0.3932,0.0,False
12.1748,0.6019,-0.3182,-6,-3,-3.3272,0.3932,0.0,False
12.183200000000001,0.6785,-0.2134,-6,-3,-3.3272,0.3932,0.0,False
12.1915,0.5028,-0.1875,-6,-3,-3.3272,0.3932,0.0,False
12.200000000000001,0.5596,-0.2285,-6,-3,-3.3272,0.3932,0.0,False
12.2082,0.5073,-0.1836,-6,-3,-3.3272,0.3932,0.0,False
12.216500000000002,0.488,-0.2217,-6,-3,-3.3272,0.3932,0.0,False
12.2248,0.5171,-0.2195,-6,-3,-3.3272,0.3932,0.0,False
12.233200000000002,0.7447,-0.2215,-6,-3,-3.3272,0.3932,0.0,False
12.2417,0.7675,-0.4193,-6,-3,-3.3272,0.3932,0.0,False
12.249799999999999,0.3963,-0.5163,-6,-3,-3.3272,0.3932,0.0,False
12.2582,0.4788,-0.3656,-6,-3,-3.3272,0.3932,0.0,False
12.266399999999999,0.4044,-0.0567,-6,-3,-3.3272,0.3932,0.0,False
12.275,0.4698,-0.3717,-6,-3,-3.3272,0.3932,0.0,False
12.283199999999999,0.5658,-0.2757,-6,-3,-3.3272,0.3932,0.0,False
12.291400000000001,0.7151,-0.4367,-6,-3,-3.3272,0.3932,0.0,False
12.2998,0.3354,-0.5555,-6,-3,-3.3272,0.3932,0.0,False
12.308200000000001,0.6335,-0.549,-6,-3,-3.3272,0.3932,0.0,False
12.3164,0.4767,-0.4785,-6,-3,-3.3272,0.3932,0.0,False
12.324800000000002,0.59,-0.6137,-6,-3,-3.3272,0.3932,0.0,False
12.3332,0.4886,-0.4334,-6,-3,-3.3272,0.3932,0.0,False
12.341700000000001,0.5308,-0.6218,-6,-3,-3.3272,0.3932,0.0,False
12.3498,0.4491,-0.638,-6,-3,-3.3272,0.3932,0.0,False
12.358200000000002,0.5504,-0.3907,-6,-3,-3.3272,0.3932,0.0,False
12.3664,0.7305,-0.5339,-6,-3,-3.3272,0.3932,0.0,False
12.374899999999998,0.5777,-0.2619,-6,-3,-3.3272,0.3932,0.0,False
12.3833,0.5142,-0.2737,-6,-3,-3.3272,0.3932,0.0,False
12.391399999999999,0.7634,-0.1168,-6,-3,-3.3272,0.3932,0.0,False
12.3998,0.3771,-0.2574,-6,-3,-3.3272,0.3932,0.0,False
13.2248,1.9847,-1.8273,-6,-6,-3.3272,0.3932,1.0,False
13.233200000000002,2.1137,-2.172,-6,-6,-3.3272,0.3932,1.0,False
13.2414,2.0004,-2.3766,-6,-6,-3.3272,0.3932,1.0,False
13.250100000000002,1.7428,-2.4009,-6,-6,-3.3272,0.3932,1.0,False
13.2582,1.7695,-1.9543,-6,-6,-3.3272,0.3932,1.0,False
13.266399999999999,1.9735,-2.294,-6,-6,-3.3272,0.3932,1.0,False
13.2748,1.6882,-2.6836,-6,-6,-3.3272,0.3932,1.0,False
13.283199999999999,1.5097,-2.4058,-6,-6,-3.3272,0.3932,1.0,False
13.291400000000001,1.6191,-2.171,-6,-6,-3.3272,0.3932,1.0,False
13.2999,1.8907,-2.4062,-6,-6,-3.3272,0.3932,1.0,False
13.308300000000001,1.3982,-2.2581,-6,-6,-3.3272,0.3932,1.0,False
13.3164,1.3898,-2.1919,-6,-6,-3.3272,0.3932,1.0,False
13.324800000000002,2.05,-2.0772,-6,-6,-3.3272,0.3932,1.0,False
13.3332,1.9679,-2.2915,-6,-6,-3.3272,0.3932,1.0,False
13.341500000000002,2.2017,-1.9466,-6,-6,-3.3272,0.3932,1.0,False
13.3498,2.2695,-2.2157,-6,-6,-3.3272,0.3932,1.0,False
13.358200000000002,1.5025,-2.3119,-6,-6,-3.3272,0.3932,1.0,False
13.3664,1.4506,-2.2858,-6,-6,-3.3272,0.3932,1.0,False
13.375000000000002,1.6039,-1.8636,-6,-6,-3.3272,0.3932,1.0,False
13.3832,1.2863,-2.1664,-6,-6,-3.3272,0.3932,1.0,False
13.391399999999999,1.4054,-2.0464,-6,-6,-3.3272,0.3932,1.0,False
13.4,1.4205,-2.2273,-6,-6,-3.3272,0.3932,1.0,False
13.408399999999999,1.686,-1.8148,-6,-6,-3.3272,0.3932,1.0,False
13.416500000000001,1.552,-1.9447,-6,-6,-3.3272,0.3932,1.0,False
13.4248,1.1755,-2.2478,-6,-6,-3.3272,0.3932,1.0,False
13.433200000000001,1.1854,-2.266,-6,-6,-3.3272,0.3932,1.0,False
13.4415,1.176,-1.8888,-6,-6,-3.3272,0.3932,1.0,False
13.449800000000002,1.4899,-2.1047,-6,-6,-3.3272,0.3932,1.0,False
13.4582,1.432,-2.7508,-6,-6,-3.3272,0.3932,1.0,False
13.466600000000001,1.2522,-2.3849,-6,-6,-3.3272,0.3932,1.0,False
13.4748,0.8134,-2.3704,-6,-6,-3.3272,0.3932,1.0,False
13.483200000000002,1.5917,-1.6378,-6,-6,-3.3272,0.3932,1.0,False
13.8332,4.5923,-2.5613,-6,-6,-3.3272,0.3932,1.0,False
13.841399999999998,4.6893,-3.175,-6,-6,-3.3272,0.3932,1.0,False
13.8498,4.5181,-3.1333,-6,-6,-3.3272,0.3932,1.0,False
13.858200000000002,4.81,-2.6598,-6,-6,-3.3272,0.3932,1.0,False
13.8665,4.3309,-3.3774,-6,-6,-3.3272,0.3932,1.0,False
13.874799999999999,4.3744,-3.4653,-6,-6,-3.3272,0.3932,1.0,False
13.8832,4.0533,-2.9862,-6,-6,-3.3272,0.3932,1.0,False
13.891399999999999,4.2461,-3.3714,-6,-6,-3.3272,0.3932,1.0,False
13.8999,3.5878,-3.0817,-6,-6,-3.3272,0.3932,1.0,False
13.908199999999999,3.6536,-3.3626,-6,-6,-3.3272,0.3932,1.0,False
13.916400000000001,3.7422,-3.5362,-6,-6,-3.3272,0.3932,1.0,False
13.9248,3.7586,-3.2523,-6,-6,-3.3272,0.3932,1.0,False
13.933200000000001,3.6797,-3.0897,-6,-6,-3.3272,0.3932,1.0,False
13.9414,-5.7757,-3.4162,-6,-6,-3.3272,0.3932,1.0,False
13.949800000000002,3.8431,-3.0031,-6,-6,-3.3272,0.3932,1.0,False
13.9582,3.796,-3.248,-6,-6,-3.3272,0.3932,1.0,False
13.966399999999998,3.3815,-3.1336,-6,-6,-3.3272,0.3932,1.0,False
13.9748,3.2669,-2.8059,-6,-6,-3.3272,0.3932,1.0,False
13.983200000000002,3.4032,-3.0193,-6,-6,-3.3272,0.3932,1.0,False
13.9914,3.8069,-2.2773,-6,-6,-3.3272,0.3932,1.0,False
13.999799999999999,3.6257,-2.9085,-6,-6,-3.3272,0.3932,1.0,False
14.0082,3.5121,-2.2489,-6,-6,-3.3272,0.3932,1.0,False
14.016399999999999,3.0618,-3.1018,-6,-6,-3.3272,0.3932,1.0,False
14.0248,3.4361,-2.8658,-6,-6,-3.3272,0.3932,1.0,False
14.033199999999999,3.3466,-2.9145,-6,-6,-3.3272,0.3932,1.0,False
14.041400000000001,2.9872,-2.8539,-6,-6,-3.3272,0.3932,1.0,False
14.0498,3.1972,-3.07,-6,-6,-3.3272,0.3932,1.0,False
14.058200000000001,3.5958,-3.2215,-6,-6,-3.3272,0.3932,1.0,False
14.0664,3.0345,-3.0362,-6,-6,-3.3272,0.3932,1.0,False
14.0751,3.5293,-3.3473,-6,-6,-3.3272,0.3932,1.0,False
14.0834,3.3344,-2.9346,-6,-6,-3.3272,0.3932,1.0,False
14.091399999999998,2.8901,-2.8046,-6,-6,-3.3272,0.3932,1.0,False
14.0998,2.8366,-3.1966,-6,-6,-3.3272,0.3932,1.0,False
14.108400000000001,2.751,-3.3758,-6,-6,-3.3272,0.3932,1.0,False
14.1165,2.8937,-3.198,-6,-6,-3.3272,0.3932,1.0,False
14.124799999999999,2.9955,-3.3769,-6,-6,-3.3272,0.3932,1.0,False
14.1332,3.1835,-3.2882,-6,-6,-3.3272,0.3932,1.0,False
14.141399999999999,2.9648,-3.1744,-6,-6,-3.3272,0.3932,1.0,False
14.15,2.9048,-2.6198,-6,-6,-3.3272,0.3932,1.0,False
14.158199999999999,2.8306,-2.2495,-6,-6,-3.3272,0.3932,1.0,False
14.166400000000001,3.2621,-2.1239,-6,-6,-3.3272,0.3932,1.0,False
14.1749,3.3415,-2.1398,-6,-6,-3.3272,0.3932,1.0,False
14.183200000000001,3.23,-2.352,-6,-6,-3.3272,0.3932,1.0,False
14.1915,2.623,-2.1028,-6,-6,-3.3272,0.3932,1.0,False
14.199800000000002,2.5368,-2.4705,-6,-6,-3.3272,0.3932,1.0,False
14.2084,2.8337,-2.5258,-6,-6,-3.3272,0.3932,1.0,False
14.216600000000001,2.5909,-2.7829,-6,-6,-3.3272,0.3932,1.0,False
14.2248,2.3582,-2.322,-6,-6,-3.3272,0.3932,1.0,False
14.233200000000002,2.5069,-2.4558,-6,-6,-3.3272,0.3932,1.0,False
14.2416,2.6363,-2.3867,-6,-6,-3.3272,0.3932,1.0,False
14.250000000000002,2.7934,-2.385,-6,-6,-3.3272,0.3932,1.0,False
14.2582,2.5754,-2.1198,-6,-6,-3.3272,0.3932,1.0,False
14.266399999999999,2.9261,-2.3191,-6,-6,-3.3272,0.3932,1.0,False
14.2749,2.8638,-2.5602,-6,-6,-3.3272,0.3932,1.0,False
14.283299999999999,3.0104,-2.1349,-6,-6,-3.3272,0.3932,1.0,False
14.291400000000001,3.1935,-2.6008,-6,-6,-3.3272,0.3932,1.0,False
14.299999999999999,2.981,-1.6382,-6,-6,-3.3272,0.3932,1.0,False
14.3085,2.598,-1.6625,-6,-6,-3.3272,0.3932,1.0,False
14.3164,2.6829,-1.9442,-6,-6,-3.3272,0.3932,1.0,False
14.324800000000002,2.9908,-1.5538,-6,-6,-3.3272,0.3932,1.0,False
14.3334,2.5166,-1.5747,-6,-6,-3.3272,0.3932,1.0,False
14.341399999999998,2.7518,-2.3496,-6,-6,-3.3272,0.3932,1.0,False
14.3498,3.0877,-2.1462,-6,-6,-3.3272,0.3932,1.0,False
14.358200000000002,2.9013,-1.829,-6,-6,-3.3272,0.3932,1.0,False
14.3664,2.7997,-1.569,-6,-6,-3.3272,0.3932,1.0,False
14.375100000000002,2.7411,-1.6867,-6,-6,-3.3272,0.3932,1.0,False
14.3832,2.9501,-2.084,-6,-6,-3.3272,0.3932,1.0,False
14.391499999999999,1.9402,-2.9512,-6,-6,-3.3272,0.3932,1.0,False
14.3998,2.7902,-1.8863,-6,-6,-3.3272,0.3932,1.0,False
14.408399999999999,2.6976,-1.8346,-6,-6,-3.3272,0.3932,1.0,False
14.416400000000001,2.5623,-1.793,-6,-6,-3.3272,0.3932,1.0,False
14.4248,2.185,-2.3024,-6,-6,-3.3272,0.3932,1.0,False
14.433200000000001,2.4797,-2.1349,-6,-6,-3.3272,0.3932,1.0,False
14.441699999999999,2.5249,-2.0108,-6,-6,-3.3272,0.3932,1.0,False
14.449800000000002,2.4471,-2.0604,-6,-6,-3.3272,0.3932,1.0,False
14.4582,2.0316,-1.9843,-6,-6,-3.3272,0.3932,1.0,False
14.466500000000002,2.6845,-1.8533,-6,-6,-3.3272,0.3932,1.0,False
14.475,2.8507,-1.8456,-6,-6,-3.3272,0.3932,1.0,False
14.483300000000002,2.985,-2.0675,-6,-6,-3.3272,0.3932,1.0,False
14.4914,2.597,-1.8301,-6,-6,-3.3272,0.3932,1.0,False
14.500000000000002,2.8531,-2.1607,-6,-6,-3.3272,0.3932,1.0,False
14.5084,2.5508,-1.8898,-6,-6,-3.3272,0.3932,1.0,False
14.516399999999999,2.6208,-1.9565,-6,-6,-3.3272,0.3932,1.0,False
14.5248,2.4652,-1.6193,-6,-6,-3.3272,0.3932,1.0,False
14.533199999999999,2.6357,-1.7674,-6,-6,-3.3272,0.3932,1.0,False
14.541400000000001,2.1383,-2.03,-6,-6,-3.3272,0.3932,1.0,False
14.5498,2.4497,-1.6765,-6,-6,-3.3272,0.3932,1.0,False
14.558200000000001,2.0448,-1.9573,-6,-6,-3.3272,0.3932,1.0,False
14.5664,2.6367,-2.4188,-6,-6,-3.3272,0.3932,1.0,False
14.574800000000002,2.2696,-1.4741,-6,-6,-3.3272,0.3932,1.0,False
14.5832,2.5417,-1.8783,-6,-6,-3.3272,0.3932,1.0,False
14.591399999999998,2.405,-1.6365,-6,-6,-3.3272,0.3932,1.0,False
14.5998,2.6483,-1.5071,-6,-6,-3.3272,0.3932,1.0,False
14.608300000000002,2.2018,-1.7359,-6,-6,-3.3272,0.3932,1.0,False
14.6165,2.2227,-1.7494,-6,-6,-3.3272,0.3932,1.0,False
14.624799999999999,2.4389,-1.6878,-6,-6,-3.3272,0.3932,1.0,False
14.6332,2.2908,-1.6974,-6,-6,-3.3272,0.3932,1.0,False
14.641599999999999,2.6063,-1.8653,-6,-6,-3.3272,0.3932,1.0,False
14.6501,2.4513,-1.6965,-6,-6,-3.3272,0.3932,1.0,False
14.658199999999999,2.4236,-2.0682,-6,-6,-3.3272,0.3932,1.0,False
14.666400000000001,2.375,-1.8471,-6,-6,-3.3272,0.3932,1.0,False
14.6748,2.5408,-2.1509,-6,-6,-3.3272,0.3932,1.0,False
14.683200000000001,2.5749,-1.3657,-6,-6,-3.3272,0.3932,1.0,False
14.6914,2.9385,-2.0958,-6,-6,-3.3272,0.3932,1.0,False
14.699800000000002,2.8521,-1.6416,-6,-6,-3.3272,0.3932,1.0,False
14.7084,3.3239,-1.761,-6,-6,-3.3272,0.3932,1.0,False
14.716399999999998,2.5462,-1.6019,-6,-6,-3.3272,0.3932,1.0,False
14.7249,2.7856,-1.9764,-6,-6,-3.3272,0.3932,1.0,False
14.733200000000002,2.8759,-1.9275,-6,-6,-3.3272,0.3932,1.0,False
14.7414,2.9088,-2.2203,-6,-6,-3.3272,0.3932,1.0,False
14.749899999999998,2.6452,-1.9485,-6,-6,-3.3272,0.3932,1.0,False
14.7583,2.8047,-1.9192,-6,-6,-3.3272,0.3932,1.0,False
15.5832,0.8679,0.2291,-3,0,-3.3272,0.3932,0.0,False
15.591500000000002,0.8458,0.3097,-3,0,-3.3272,0.3932,0.0,False
15.5998,0.9917,0.1372,-3,0,-3.3272,0.3932,0.0,False
15.608200000000002,0.7692,0.2168,-3,0,-3.3272,0.3932,0.0,False
15.6164,0.922,0.1749,-3,0,-3.3272,0.3932,0.0,False
15.624799999999999,0.855,0.2751,-3,0,-3.3272,0.3932,0.0,False
15.6332,0.859,0.1766,-3,0,-3.3272,0.3932,0.0,False
15.641599999999999,0.8917,0.3148,-3,0,-3.3272,0.3932,0.0,False
15.65,0.8217,0.2382,-3,0,-3.3272,0.3932,0.0,False
15.658,0.8546,0.2111,-3,0,-3.3272,0.3932,0.0,False
15.666400000000001,1.0522,0.4139,-3,0,-3.3272,0.3932,0.0,False
15.675099999999999,0.7744,0.1961,-3,0,-3.3272,0.3932,0.0,False
15.683000000000002,0.8592,0.4154,-3,0,-3.3272,0.3932,0.0,False
15.6914,0.8876,0.3419,-3,0,-3.3272,0.3932,0.0,False
15.699800000000002,0.9778,0.197,-3,0,-3.3272,0.3932,0.0,False
15.7082,0.9186,0.1737,-3,0,-3.3272,0.3932,0.0,False
15.716500000000002,0.8387,0.2268,-3,0,-3.3272,0.3932,0.0,False
15.7248,0.786,0.3189,-3,0,-3.3272,0.3932,0.0,False
15.733200000000002,0.8948,0.1993,-3,0,-3.3272,0.3932,0.0,False
15.7414,0.7819,0.2144,-3,0,-3.3272,0.3932,0.0,False
15.749799999999999,0.9865,0.2825,-3,0,-3.3272,0.3932,0.0,False
15.7581,0.8605,0.3766,-3,0,-3.3272,0.3932,0.0,False
15.766399999999999,0.9937,0.2079,-3,0,-3.3272,0.3932,0.0,False
15.775,0.7815,0.1245,-3,0,-3.3272,0.3932,0.0,False
15.783,0.8156,0.3306,-3,0,-3.3272,0.3932,0.0,False
15.791500000000001,0.7223,0.189,-3,0,-3.3272,0.3932,0.0,False
15.800099999999999,0.8858,0.3052,-3,0,-3.3272,0.3932,0.0,False
15.808100000000001,0.8908,0.1633,-3,0,-3.3272,0.3932,0.0,False
15.8164,0.8428,0.1316,-3,0,-3.3272,0.3932,0.0,False
15.824800000000002,0.9426,0.1761,-3,0,-3.3272,0.3932,0.0,False
15.8332,0.7088,0.0209,-3,0,-3.3272,0.3932,0.0,False
15.841399999999998,0.8287,0.3088,-3,0,-3.3272,0.3932,0.0,False
15.8498,0.7008,0.1657,-3,0,-3.3272,0.3932,0.0,False
15.857999999999999,0.6491,0.1783,-3,0,-3.3272,0.3932,0.0,False
15.8666,0.9004,0.2812,-3,0,-3.3272,0.3932,0.0,False
15.874799999999999,0.726,0.0939,-3,0,-3.3272,0.3932,0.0,False
15.8831,0.736,0.0873,-3,0,-3.3272,0.3932,0.0,False
15.891499999999999,0.8497,0.4191,-3,0,-3.3272,0.3932,0.0,False
15.8998,0.7859,0.0356,-3,0,-3.3272,0.3932,0.0,False
15.908199999999999,0.7761,0.3331,-3,0,-3.3272,0.3932,0.0,False
15.916400000000001,0.6968,0.283,-3,0,-3.3272,0.3932,0.0,False
15.9248,0.718,0.2633,-3,0,-3.3272,0.3932,0.0,False
15.933000000000002,0.8172,0.0738,-3,0,-3.3272,0.3932,0.0,False
15.941699999999999,0.726,0.2294,-3,0,-3.3272,0.3932,0.0,False
15.949800000000002,0.7562,0.2396,-3,0,-3.3272,0.3932,0.0,False
15.958,0.7043,0.2993,-3,0,-3.3272,0.3932,0.0,False
15.966399999999998,0.9882,0.2164,-3,0,-3.3272,0.3932,0.0,False
15.9748,0.7272,0.1674,-3,0,-3.3272,0.3932,0.0,False
15.983099999999999,0.6763,0.1107,-3,0,-3.3272,0.3932,0.0,False
15.9914,0.7533,0.1087,-3,0,-3.3272,0.3932,0.0,False
15.999799999999999,0.7388,0.1719,-3,0,-3.3272,0.3932,0.0,False
16.008000000000003,0.8106,0.1578,-3,0,-3.3272,0.3932,0.0,False
16.016399999999997,0.7682,0.1351,-3,0,-3.3272,0.3932,0.0,False
16.024900000000002,0.7936,0.3787,-3,0,-3.3272,0.3932,0.0,False
16.033,0.8365,0.4759,-3,0,-3.3272,0.3932,0.0,False
16.041400000000003,0.6717,0.1737,-3,0,-3.3272,0.3932,0.0,False
16.049799999999998,0.9287,0.2181,-3,0,-3.3272,0.3932,0.0,False
16.058100000000003,0.7153,0.1599,-3,0,-3.3272,0.3932,0.0,False
16.0664,0.8969,0.3385,-3,0,-3.3272,0.3932,0.0,False
16.074800000000003,0.8135,0.3274,-3,0,-3.3272,0.3932,0.0,False
16.083,0.8425,0.3463,-3,0,-3.3272,0.3932,0.0,False
16.0914,0.707,0.2762,-3,0,-3.3272,0.3932,0.0,False
16.099800000000002,0.9168,0.4937,-3,0,-3.3272,0.3932,0.0,False
16.107999999999997,0.7159,0.3338,-3,0,-3.3272,0.3932,0.0,False
16.1164,0.5962,0.1801,-3,0,-3.3272,0.3932,0.0,False
16.1248,0.7509,0.1143,-3,0,-3.3272,0.3932,0.0,False
16.133000000000003,0.5857,0.1619,-3,0,-3.3272,0.3932,0.0,False
16.1417,0.6018,0.2003,-3,0,-3.3272,0.3932,0.0,False
16.149900000000002,0.5579,0.2144,-3,0,-3.3272,0.3932,0.0,False
16.158,0.7161,0.2193,-3,0,-3.3272,0.3932,0.0,False
16.166600000000003,0.549,0.2023,-3,0,-3.3272,0.3932,0.0,False
16.174799999999998,0.6576,0.2474,-3,0,-3.3272,0.3932,0.0,False
16.1832,0.4598,0.2096,-3,0,-3.3272,0.3932,0.0,False
16.1914,0.8242,0.0233,-3,0,-3.3272,0.3932,0.0,False
16.199800000000003,0.5492,0.086,-3,0,-3.3272,0.3932,0.0,False
16.208199999999998,0.7303,0.1669,-3,0,-3.3272,0.3932,0.0,False
16.2166,0.587,0.1135,-3,0,-3.3272,0.3932,0.0,False
16.224800000000002,0.4962,0.025,-3,0,-3.3272,0.3932,0.0,False
16.232999999999997,0.5494,0.0463,-3,0,-3.3272,0.3932,0.0,False
16.2414,0.4534,0.0299,-3,0,-3.3272,0.3932,0.0,False
16.2498,0.7443,0.1931,-3,0,-3.3272,0.3932,0.0,False
16.258000000000003,0.5505,0.0666,-3,0,-3.3272,0.3932,0.0,False
16.266399999999997,0.8987,0.1498,-3,0,-3.3272,0.3932,0.0,False
16.2748,0.9211,-0.0708,-3,0,-3.3272,0.3932,0.0,False
16.283,0.6699,0.1025,-3,0,-3.3272,0.3932,0.0,False
16.291400000000003,0.6452,0.1899,-3,0,-3.3272,0.3932,0.0,False
16.299799999999998,0.5521,0.1073,-3,0,-3.3272,0.3932,0.0,False
16.308100000000003,0.7682,0.0969,-3,0,-3.3272,0.3932,0.0,False
16.3166,0.7002,0.1312,-3,0,-3.3272,0.3932,0.0,False
16.3249,0.8196,0.0917,-3,0,-3.3272,0.3932,0.0,False
16.333,0.6968,0.1553,-3,0,-3.3272,0.3932,0.0,False
16.3414,0.7897,0.1481,-3,0,-3.3272,0.3932,0.0,False
16.349800000000002,0.5974,0.245,-3,0,-3.3272,0.3932,0.0,False
16.357999999999997,0.6198,0.2928,-3,0,-3.3272,0.3932,0.0,False
16.3664,0.8078,0.2128,-3,0,-3.3272,0.3932,0.0,False
16.374899999999997,0.6391,0.2886,-3,0,-3.3272,0.3932,0.0,False
16.383200000000002,0.6099,0.1898,-3,0,-3.3272,0.3932,0.0,False
16.391399999999997,0.6108,0.1141,-3,0,-3.3272,0.3932,0.0,False
16.3998,0.6584,0.2869,-3,0,-3.3272,0.3932,0.0,False
16.408299999999997,0.534,0.2821,-3,0,-3.3272,0.3932,0.0,False
16.416400000000003,0.7169,0.1812,-3,0,-3.3272,0.3932,0.0,False
16.424799999999998,0.5717,0.091,-3,0,-3.3272,0.3932,0.0,False
16.433100000000003,0.7171,0.1127,-3,0,-3.3272,0.3932,0.0,False
16.4414,0.8089,0.2495,-3,0,-3.3272,0.3932,0.0,False
16.449800000000003,0.8077,0.3696,-3,0,-3.3272,0.3932,0.0,False
16.458199999999998,0.6301,0.2496,-3,0,-3.3272,0.3932,0.0,False
16.4664,0.6801,0.409,-3,0,-3.3272,0.3932,0.0,False
16.475,0.8121,0.3896,-3,0,-3.3272,0.3932,0.0,False
16.482999999999997,0.7538,0.3108,-3,0,-3.3272,0.3932,0.0,False
16.4914,0.7999,0.4448,-3,0,-3.3272,0.3932,0.0,False
16.4998,0.7994,0.3982,-3,0,-3.3272,0.3932,0.0,False
16.508000000000003,0.8275,0.4209,-3,0,-3.3272,0.3932,0.0,False
16.516599999999997,0.7213,0.3678,-3,0,-3.3272,0.3932,0.0,False
16.5248,0.8041,0.3455,-3,0,-3.3272,0.3932,0.0,False
16.533,0.6371,0.4616,-3,0,-3.3272,0.3932,0.0,False
16.541400000000003,0.6173,0.4685,-3,0,-3.3272,0.3932,0.0,False
16.549799999999998,0.9982,0.4134,-3,0,-3.3272,0.3932,0.0,False
16.558,0.7941,0.4367,-3,0,-3.3272,0.3932,0.0,False
16.5664,0.7032,0.2385,-3,0,-3.3272,0.3932,0.0,False
16.575200000000002,0.6872,0.2821,-3,0,-3.3272,0.3932,0.0,False
16.5831,0.8173,0.3012,-3,0,-3.3272,0.3932,0.0,False
16.5916,0.8369,0.1652,-3,0,-3.3272,0.3932,0.0,False
16.599800000000002,0.8205,0.0163,-3,0,-3.3272,0.3932,0.0,False
16.607999999999997,0.6971,0.1863,-3,0,-3.3272,0.3932,0.0,False
16.6166,0.7789,0.221,-3,0,-3.3272,0.3932,0.0,False
16.624899999999997,0.84,0.3365,-3,0,-3.3272,0.3932,0.0,False
16.6331,0.793,0.1364,-3,0,-3.3272,0.3932,0.0,False
16.641599999999997,0.7221,0.3008,-3,0,-3.3272,0.3932,0.0,False
16.6498,0.7107,0.2945,-3,0,-3.3272,0.3932,0.0,False
16.658099999999997,0.5532,0.2638,-3,0,-3.3272,0.3932,0.0,False
16.666400000000003,0.6958,0.2497,-3,0,-3.3272,0.3932,0.0,False
16.674799999999998,0.7237,0.4909,-3,0,-3.3272,0.3932,0.0,False
16.683100000000003,0.8146,0.2121,-3,0,-3.3272,0.3932,0.0,False
16.691499999999998,0.7939,0.2977,-3,0,-3.3272,0.3932,0.0,False
16.6999,0.671,0.4577,-3,0,-3.3272,0.3932,0.0,False
16.708,0.7686,0.5071,-3,0,-3.3272,0.3932,0.0,False
16.7166,0.6928,0.3053,-3,0,-3.3272,0.3932,0.0,False
16.724899999999998,0.627,0.0298,-3,0,-3.3272,0.3932,0.0,False
16.732999999999997,0.6298,0.2679,-3,0,-3.3272,0.3932,0.0,False
16.7414,0.518,0.3469,-3,0,-3.3272,0.3932,0.0,False
16.7498,0.8252,0.4585,-3,0,-3.3272,0.3932,0.0,False
16.758000000000003,0.6667,0.3436,-3,0,-3.3272,0.3932,0.0,False
16.766399999999997,0.7648,0.5448,-3,0,-3.3272,0.3932,0.0,False
16.774900000000002,0.6791,0.4976,-3,0,-3.3272,0.3932,0.0,False
16.7832,0.5603,0.4134,-3,0,-3.3272,0.3932,0.0,False
16.7915,0.7833,0.4774,-3,0,-3.3272,0.3932,0.0,False
16.7999,0.6646,0.5915,-3,0,-3.3272,0.3932,0.0,False
16.808,0.7176,0.3851,-3,0,-3.3272,0.3932,0.0,False
16.8164,0.5754,0.4205,-3,0,-3.3272,0.3932,0.0,False
16.8249,0.5996,0.3478,-3,0,-3.3272,0.3932,0.0,False
16.833,0.5473,0.3212,-3,0,-3.3272,0.3932,0.0,False
16.8414,0.6686,0.0877,-3,0,-3.3272,0.3932,0.0,False
16.85,0.755,0.3543,-3,0,-3.3272,0.3932,0.0,False
16.857999999999997,0.5154,0.3085,-3,0,-3.3272,0.3932,0.0,False
16.8664,0.7024,0.4825,-3,0,-3.3272,0.3932,0.0,False
16.8748,0.8422,0.5743,-3,0,-3.3272,0.3932,0.0,False
16.8834,0.8333,0.5117,-3,0,-3.3272,0.3932,0.0,False
16.891399999999997,0.8217,0.5884,-3,0,-3.3272,0.3932,0.0,False
16.8998,0.8383,0.4716,-3,0,-3.3272,0.3932,0.0,False
16.908,0.8352,0.3196,-3,0,-3.3272,0.3932,0.0,False
16.9165,0.7232,0.4949,-3,0,-3.3272,0.3932,0.0,False
16.9249,0.9671,0.3464,-3,0,-3.3272,0.3932,0.0,False
16.933,0.9462,0.5823,-3,0,-3.3272,0.3932,0.0,False
16.941699999999997,0.7871,0.303,-3,0,-3.3272,0.3932,0.0,False
16.9499,0.8502,0.5356,-3,0,-3.3272,0.3932,0.0,False
16.958,0.8021,0.4665,-3,0,-3.3272,0.3932,0.0,False
16.9664,0.9625,0.6705,-3,0,-3.3272,0.3932,0.0,False
16.974899999999998,0.9678,0.3921,-3,0,-3.3272,0.3932,0.0,False
16.9831,0.8859,0.5347,-3,0,-3.3272,0.3932,0.0,False
16.9916,0.8292,0.4714,-3,0,-3.3272,0.3932,0.0,False
16.9998,0.8448,0.4926,-3,0,-3.3272,0.3932,0.0,False
17.008200000000002,0.9093,0.5999,-3,0,-3.3272,0.3932,0.0,False
17.016399999999997,0.8688,0.464,-3,0,-3.3272,0.3932,0.0,False
17.0248,0.6703,0.6258,-3,0,-3.3272,0.3932,0.0,False
17.033099999999997,1.0065,0.4561,-3,0,-3.3272,0.3932,0.0,False
17.041400000000003,0.916,0.5253,-3,0,-3.3272,0.3932,0.0,False
17.049799999999998,0.8344,0.5059,-3,0,-3.3272,0.3932,0.0,False
17.058,0.946,0.6366,-3,0,-3.3272,0.3932,0.0,False
17.0664,0.8541,0.5738,-3,0,-3.3272,0.3932,0.0,False
17.074800000000003,0.7854,0.4555,-3,0,-3.3272,0.3932,0.0,False
17.9914,0.4644,-0.021,0,0,-3.3272,0.3932,0.0,False
17.9998,0.2792,-0.2289,0,0,-3.3272,0.3932,0.0,False
18.008200000000002,0.467,-0.1474,0,0,-3.3272,0.3932,0.0,False
18.016399999999997,0.474,-0.0483,0,0,-3.3272,0.3932,0.0,False
18.0248,0.4535,-0.234,0,0,-3.3272,0.3932,0.0,False
18.033,0.4554,-0.2251,0,0,-3.3272,0.3932,0.0,False
18.0417,0.5462,-0.1343,0,0,-3.3272,0.3932,0.0,False
18.0499,0.4964,-0.2271,0,0,-3.3272,0.3932,0.0,False
18.058,0.3867,-0.1553,0,0,-3.3272,0.3932,0.0,False
18.0664,0.4382,-0.1158,0,0,-3.3272,0.3932,0.0,False
18.075000000000003,0.4996,-0.1505,0,0,-3.3272,0.3932,0.0,False
18.0831,0.5504,-0.1639,0,0,-3.3272,0.3932,0.0,False
18.0914,0.4735,-0.2227,0,0,-3.3272,0.3932,0.0,False
18.100099999999998,0.4249,-0.1154,0,0,-3.3272,0.3932,0.0,False
18.108200000000004,0.4631,-0.1531,0,0,-3.3272,0.3932,0.0,False
18.1166,0.4617,-0.0472,0,0,-3.3272,0.3932,0.0,False
18.1248,0.3391,-0.1468,0,0,-3.3272,0.3932,0.0,False
18.1331,0.1703,-0.2199,0,0,-3.3272,0.3932,0.0,False
18.141599999999997,0.1106,-0.1683,0,0,-3.3272,0.3932,0.0,False
18.149900000000002,0.3943,-0.2994,0,0,-3.3272,0.3932,0.0,False
18.158099999999997,0.2957,-0.3278,0,0,-3.3272,0.3932,0.0,False
18.166400000000003,0.3765,-0.1839,0,0,-3.3272,0.3932,0.0,False
18.175199999999997,0.3759,-0.1973,0,0,-3.3272,0.3932,0.0,False
18.183,0.3853,-0.1674,0,0,-3.3272,0.3932,0.0,False
18.1914,0.5472,-0.0537,0,0,-3.3272,0.3932,0.0,False
18.199800000000003,0.4008,-0.2482,0,0,-3.3272,0.3932,0.0,False
18.2083,0.2736,-0.177,0,0,-3.3272,0.3932,0.0,False
18.216700000000003,0.51,-0.4213,0,0,-3.3272,0.3932,0.0,False
18.224800000000002,0.4546,-0.392,0,0,-3.3272,0.3932,0.0,False
18.232999999999997,0.3681,-0.3812,0,0,-3.3272,0.3932,0.0,False
18.2416,0.5354,-0.501,0,0,-3.3272,0.3932,0.0,False
18.2498,0.5403,-0.3917,0,0,-3.3272,0.3932,0.0,False
18.2581,0.2308,-0.2673,0,0,-3.3272,0.3932,0.0,False
18.266399999999997,0.341,-0.5086,0,0,-3.3272,0.3932,0.0,False
18.274900000000002,0.1979,-0.4221,0,0,-3.3272,0.3932,0.0,False
18.283,0.27,-0.201,0,0,-3.3272,0.3932,0.0,False
18.291400000000003,0.2624,-0.2553,0,0,-3.3272,0.3932,0.0,False
18.299799999999998,0.425,-0.2882,0,0,-3.3272,0.3932,0.0,False
18.308,0.3071,-0.3628,0,0,-3.3272,0.3932,0.0,False
18.3164,0.3244,-0.3992,0,0,-3.3272,0.3932,0.0,False
18.324800000000003,0.0905,-0.3576,0,0,-3.3272,0.3932,0.0,False
18.333199999999998,0.3154,-0.2099,0,0,-3.3272,0.3932,0.0,False
18.3416,0.1899,-0.1319,0,0,-3.3272,0.3932,0.0,False
18.349899999999998,0.2303,-0.2345,0,0,-3.3272,0.3932,0.0,False
18.3581,0.2136,-0.2119,0,0,-3.3272,0.3932,0.0,False
18.3666,0.4658,-0.4064,0,0,-3.3272,0.3932,0.0,False
18.374899999999997,0.2026,-0.1079,0,0,-3.3272,0.3932,0.0,False
18.3831,0.2543,-0.1917,0,0,-3.3272,0.3932,0.0,False
18.391399999999997,0.174,-0.1051,0,0,-3.3272,0.3932,0.0,False
18.4,0.0236,-0.1017,0,0,-3.3272,0.3932,0.0,False
18.408,0.1886,-0.2745,0,0,-3.3272,0.3932,0.0,False
18.416400000000003,0.2015,-0.1938,0,0,-3.3272,0.3932,0.0,False
18.424799999999998,0.0205,-0.2482,0,0,-3.3272,0.3932,0.0,False
18.433,0.1064,-0.1765,0,0,-3.3272,0.3932,0.0,False
18.4416,-0.0008,-0.3054,0,0,-3.3272,0.3932,0.0,False
18.4499,0.126,-0.3823,0,0,-3.3272,0.3932,0.0,False
18.4581,-0.0631,-0.2623,0,0,-3.3272,0.3932,0.0,False
18.466500000000003,0.0565,-0.2511,0,0,-3.3272,0.3932,0.0,False
18.475,0.0756,-0.1032,0,0,-3.3272,0.3932,0.0,False
18.4831,0.1144,-0.2167,0,0,-3.3272,0.3932,0.0,False
18.4914,0.0501,-0.2053,0,0,-3.3272,0.3932,0.0,False
18.4998,-0.2185,-0.2561,0,0,-3.3272,0.3932,0.0,False
18.508000000000003,-0.0532,-0.2432,0,0,-3.3272,0.3932,0.0,False
18.516399999999997,0.0309,-0.2645,0,0,-3.3272,0.3932,0.0,False
18.5248,-0.1816,-0.0472,0,0,-3.3272,0.3932,0.0,False
18.533,-0.0684,-0.2902,0,0,-3.3272,0.3932,0.0,False
18.541600000000003,-0.3445,-0.3432,0,0,-3.3272,0.3932,0.0,False
18.549799999999998,-0.1789,-0.1824,0,0,-3.3272,0.3932,0.0,False
18.558100000000003,-0.2245,-0.2663,0,0,-3.3272,0.3932,0.0,False
18.5664,-0.1722,-0.2927,0,0,-3.3272,0.3932,0.0,False
18.574800000000003,-0.0418,-0.384,0,0,-3.3272,0.3932,0.0,False
18.583,-0.1513,-0.309,0,0,-3.3272,0.3932,0.0,False
18.5914,-0.2386,-0.3343,0,0,-3.3272,0.3932,0.0,False
18.599800000000002,0.0487,-0.3413,0,0,-3.3272,0.3932,0.0,False
18.608200000000004,-0.0578,-0.2651,0,0,-3.3272,0.3932,0.0,False
18.6167,-0.1341,-0.3972,0,0,-3.3272,0.3932,0.0,False
18.6248,-0.0179,-0.1106,0,0,-3.3272,0.3932,0.0,False
18.633000000000003,0.3024,-0.1239,0,0,-3.3272,0.3932,0.0,False
18.641399999999997,0.323,-0.154,0,0,-3.3272,0.3932,0.0,False
18.6498,0.1334,-0.1691,0,0,-3.3272,0.3932,0.0,False
18.658,0.3408,-0.237,0,0,-3.3272,0.3932,0.0,False
18.666600000000003,0.0403,-0.2204,0,0,-3.3272,0.3932,0.0,False
18.674999999999997,0.2034,-0.1481,0,0,-3.3272,0.3932,0.0,False
18.683,0.1315,-0.2732,0,0,-3.3272,0.3932,0.0,False
18.6914,0.2064,-0.1601,0,0,-3.3272,0.3932,0.0,False
18.699800000000003,0.128,-0.2224,0,0,-3.3272,0.3932,0.0,False
18.7083,0.3669,-0.2798,0,0,-3.3272,0.3932,0.0,False
18.716500000000003,0.0965,0.0022,0,0,-3.3272,0.3932,0.0,False
18.724800000000002,0.369,-0.2393,0,0,-3.3272,0.3932,0.0,False
18.732999999999997,0.1517,-0.1642,0,0,-3.3272,0.3932,0.0,False
18.741500000000002,0.2874,-0.2866,0,0,-3.3272,0.3932,0.0,False
18.749899999999997,0.1888,-0.1462,0,0,-3.3272,0.3932,0.0,False
18.758000000000003,0.1142,-0.0241,0,0,-3.3272,0.3932,0.0,False
18.766399999999997,0.1268,0.002,0,0,-3.3272,0.3932,0.0,False
18.775,0.2538,-0.1465,0,0,-3.3272,0.3932,0.0,False
18.783,0.1916,-0.102,0,0,-3.3272,0.3932,0.0,False
18.791400000000003,0.1971,-0.0475,0,0,-3.3272,0.3932,0.0,False
18.799799999999998,0.1936,-0.1309,0,0,-3.3272,0.3932,0.0,False
18.808300000000003,0.1936,-0.0157,0,0,-3.3272,0.3932,0.0,False
18.816699999999997,0.1586,-0.1531,0,0,-3.3272,0.3932,0.0,False
18.824800000000003,0.2846,-0.2029,0,0,-3.3272,0.3932,0.0,False
18.833,0.2482,0.0179,0,0,-3.3272,0.3932,0.0,False
18.841700000000003,0.1816,-0.1242,0,0,-3.3272,0.3932,0.0,False
18.849800000000002,0.1475,-0.0791,0,0,-3.3272,0.3932,0.0,False
18.857999999999997,0.0013,-0.1214,0,0,-3.3272,0.3932,0.0,False
18.8664,0.1096,-0.2223,0,0,-3.3272,0.3932,0.0,False
18.875100000000003,0.2079,-0.0298,0,0,-3.3272,0.3932,0.0,False
18.883000000000003,0.1588,-0.1089,0,0,-3.3272,0.3932,0.0,False
18.8915,0.3533,-0.2318,0,0,-3.3272,0.3932,0.0,False
18.8998,0.0975,-0.1819,0,0,-3.3272,0.3932,0.0,False
18.908299999999997,0.1304,-0.2938,0,0,-3.3272,0.3932,0.0,False
18.9167,0.0965,-0.0858,0,0,-3.3272,0.3932,0.0,False
18.924799999999998,0.0923,-0.1647,0,0,-3.3272,0.3932,0.0,False
18.933,-0.0752,-0.1393,0,0,-3.3272,0.3932,0.0,False
18.9416,0.0118,-0.0549,0,0,-3.3272,0.3932,0.0,False
18.949800000000003,-0.0496,-0.2177,0,0,-3.3272,0.3932,0.0,False
18.958,-0.0194,0.0022,0,0,-3.3272,0.3932,0.0,False
18.9664,-0.0654,-0.1655,0,0,-3.3272,0.3932,0.0,False
18.975,0.1097,-0.1477,0,0,-3.3272,0.3932,0.0,False
18.982999999999997,0.0828,-0.1372,0,0,-3.3272,0.3932,0.0,False
18.9914,0.1633,-0.0961,0,0,-3.3272,0.3932,0.0,False
18.999899999999997,0.1109,-0.2031,0,0,-3.3272,0.3932,0.0,False
19.008000000000003,0.1106,-0.3182,0,0,-3.3272,0.3932,0.0,False
19.016399999999997,-0.0772,-0.2145,0,0,-3.3272,0.3932,0.0,False
19.0248,0.2083,-0.3356,0,0,-3.3272,0.3932,0.0,False
19.033099999999997,0.0706,-0.3219,0,0,-3.3272,0.3932,0.0,False
19.041400000000003,0.059,-0.2586,0,0,-3.3272,0.3932,0.0,False
19.049799999999998,0.1358,-0.0187,0,0,-3.3272,0.3932,0.0,False
19.058,0.1262,-0.3314,0,0,-3.3272,0.3932,0.0,False
19.0664,0.068,-0.2177,0,0,-3.3272,0.3932,0.0,False
19.0751,0.19,-0.0398,0,0,-3.3272,0.3932,0.0,False
19.083199999999998,0.2214,-0.1896,0,0,-3.3272,0.3932,0.0,False
19.0914,0.144,-0.3523,0,0,-3.3272,0.3932,0.0,False
19.099800000000002,0.0906,-0.3521,0,0,-3.3272,0.3932,0.0,False
19.107999999999997,0.0319,-0.0939,0,0,-3.3272,0.3932,0.0,False
19.1164,-0.0386,-0.1604,0,0,-3.3272,0.3932,0.0,False
19.1248,0.0236,-0.4321,0,0,-3.3272,0.3932,0.0,False
19.1331,0.0161,-0.3035,0,0,-3.3272,0.3932,0.0,False
19.1415,0.0228,-0.1673,0,0,-3.3272,0.3932,0.0,False
19.1498,0.0545,-0.1779,0,0,-3.3272,0.3932,0.0,False
19.158,0.104,-0.3022,0,0,-3.3272,0.3932,0.0,False
19.166400000000003,0.0607,-0.3448,0,0,-3.3272,0.3932,0.0,False
19.1749,0.0734,-0.1711,0,0,-3.3272,0.3932,0.0,False
19.183,0.1485,-0.4962,0,0,-3.3272,0.3932,0.0,False
19.1914,0.0834,-0.243,0,0,-3.3272,0.3932,0.0,False
19.199800000000003,-0.008,-0.2631,0,0,-3.3272,0.3932,0.0,False
19.208199999999998,-0.1735,-0.2904,0,0,-3.3272,0.3932,0.0,False
19.2164,0.0335,-0.275,0,0,-3.3272,0.3932,0.0,False
19.224800000000002,0.0097,-0.2042,0,0,-3.3272,0.3932,0.0,False
19.2333,-0.1248,-0.2657,0,0,-3.3272,0.3932,0.0,False
19.2416,-0.101,-0.2325,0,0,-3.3272,0.3932,0.0,False
19.2498,0.0543,-0.1654,0,0,-3.3272,0.3932,0.0,False
19.258000000000003,-0.0518,-0.3683,0,0,-3.3272,0.3932,0.0,False
19.266399999999997,0.0214,-0.3123,0,0,-3.3272,0.3932,0.0,False
19.275100000000002,-0.2002,-0.0981,0,0,-3.3272,0.3932,0.0,False
19.283,-0.1258,-0.0109,0,0,-3.3272,0.3932,0.0,False
19.291400000000003,-0.102,-0.2908,0,0,-3.3272,0.3932,0.0,False
19.299999999999997,-0.1996,-0.114,0,0,-3.3272,0.3932,0.0,False
19.308,-0.1225,-0.2295,0,0,-3.3272,0.3932,0.0,False
19.3164,-0.0924,-0.175,0,0,-3.3272,0.3932,0.0,False
19.324800000000003,-0.1452,-0.3383,0,0,-3.3272,0.3932,0.0,False
19.333,-0.0234,-0.1787,0,0,-3.3272,0.3932,0.0,False
19.341700000000003,-0.2408,-0.147,0,0,-3.3272,0.3932,0.0,False
19.349800000000002,-0.0242,-0.1024,0,0,-3.3272,0.3932,0.0,False
19.357999999999997,0.0612,-0.0287,0,0,-3.3272,0.3932,0.0,False
19.3664,-0.1324,-0.1975,0,0,-3.3272,0.3932,0.0,False
19.374899999999997,0.0643,-0.0671,0,0,-3.3272,0.3932,0.0,False
19.383000000000003,-0.0614,-0.157,0,0,-3.3272,0.3932,0.0,False
19.391399999999997,-0.098,-0.1524,0,0,-3.3272,0.3932,0.0,False
19.399900000000002,0.1043,-0.3414,0,0,-3.3272,0.3932,0.0,False
19.4082,-0.047,-0.1348,0,0,-3.3272,0.3932,0.0,False
19.416400000000003,0.0166,-0.316,0,0,-3.3272,0.3932,0.0,False
19.424799999999998,-0.0419,-0.2722,0,0,-3.3272,0.3932,0.0,False
20.5083,0.1154,-0.1522,6,3,-3.3272,0.3932,0.0,False
20.516400000000004,-0.2217,-0.1719,6,3,-3.3272,0.3932,0.0,False
20.524700000000003,-0.1516,-0.0122,6,3,-3.3272,0.3932,0.0,False
20.533,-0.2199,-0.0849,6,3,-3.3272,0.3932,0.0,False
20.541400000000003,0.0904,-0.1708,6,3,-3.3272,0.3932,0.0,False
20.5497,-0.1416,-0.1097,6,3,-3.3272,0.3932,0.0,False
20.558,-0.1841,-0.0496,6,3,-3.3272,0.3932,0.0,False
20.5664,-0.0993,0.2842,6,3,-3.3272,0.3932,0.0,False
20.574800000000003,-0.1717,0.1762,6,3,-3.3272,0.3932,0.0,False
20.583,-0.2717,0.1987,6,3,-3.3272,0.3932,0.0,False
20.5914,-0.1673,-0.0058,6,3,-3.3272,0.3932,0.0,False
20.5997,-0.1144,-0.0261,6,3,-3.3272,0.3932,0.0,False
20.608200000000004,0.0067,0.0817,6,3,-3.3272,0.3932,0.0,False
20.6164,0.0555,0.0395,6,3,-3.3272,0.3932,0.0,False
20.624700000000004,-0.1812,0.1614,6,3,-3.3272,0.3932,0.0,False
20.6331,-0.1965,0.0765,6,3,-3.3272,0.3932,0.0,False
20.6417,-0.0754,0.034,6,3,-3.3272,0.3932,0.0,False
20.649700000000003,-0.1316,0.1218,6,3,-3.3272,0.3932,0.0,False
20.658,-0.1198,0.3288,6,3,-3.3272,0.3932,0.0,False
20.666600000000003,-0.1217,0.039,6,3,-3.3272,0.3932,0.0,False
20.6747,-0.2141,0.0016,6,3,-3.3272,0.3932,0.0,False
20.683,-0.4183,-0.0822,6,3,-3.3272,0.3932,0.0,False
20.6914,-0.2092,-0.0442,6,3,-3.3272,0.3932,0.0,False
20.6997,-0.16,0.0484,6,3,-3.3272,0.3932,0.0,False
20.708200000000005,-0.2421,-0.2096,6,3,-3.3272,0.3932,0.0,False
20.716500000000003,-0.1878,0.0784,6,3,-3.3272,0.3932,0.0,False
20.7247,-0.1616,0.1121,6,3,-3.3272,0.3932,0.0,False
20.7331,-0.1176,-0.1073,6,3,-3.3272,0.3932,0.0,False
20.7417,-0.1409,-0.0008,6,3,-3.3272,0.3932,0.0,False
20.749900000000004,-0.1774,0.1162,6,3,-3.3272,0.3932,0.0,False
20.758000000000003,-0.1365,0.0804,6,3,-3.3272,0.3932,0.0,False
20.766400000000004,-0.0221,0.1901,6,3,-3.3272,0.3932,0.0,False
20.775,-0.1792,0.1245,6,3,-3.3272,0.3932,0.0,False
20.783,-0.0879,0.0406,6,3,-3.3272,0.3932,0.0,False
20.791400000000003,-0.2376,0.1181,6,3,-3.3272,0.3932,0.0,False
20.7997,-0.2092,0.066,6,3,-3.3272,0.3932,0.0,False
20.808,-0.2284,0.1807,6,3,-3.3272,0.3932,0.0,False
20.816700000000004,-0.2005,0.0688,6,3,-3.3272,0.3932,0.0,False
20.8247,-0.273,0.146,6,3,-3.3272,0.3932,0.0,False
20.833,-0.3133,0.1777,6,3,-3.3272,0.3932,0.0,False
20.8416,-0.3478,0.0132,6,3,-3.3272,0.3932,0.0,False
20.8497,-0.3955,0.0792,6,3,-3.3272,0.3932,0.0,False
20.858000000000004,-0.4419,0.0618,6,3,-3.3272,0.3932,0.0,False
20.8664,-0.5082,0.0781,6,3,-3.3272,0.3932,0.0,False
20.874900000000004,-0.3008,0.164,6,3,-3.3272,0.3932,0.0,False
20.883000000000003,-0.2638,0.2594,6,3,-3.3272,0.3932,0.0,False
20.891400000000004,-0.3751,0.0364,6,3,-3.3272,0.3932,0.0,False
20.899700000000003,-0.3553,0.1822,6,3,-3.3272,0.3932,0.0,False
20.9082,-0.3649,0.0092,6,3,-3.3272,0.3932,0.0,False
20.916400000000003,-0.3183,0.149,6,3,-3.3272,0.3932,0.0,False
20.9247,-0.4167,0.0898,6,3,-3.3272,0.3932,0.0,False
20.933100000000003,-0.486,0.1531,6,3,-3.3272,0.3932,0.0,False
20.9418,-0.6348,0.0794,6,3,-3.3272,0.3932,0.0,False
20.9497,-0.4396,0.2709,6,3,-3.3272,0.3932,0.0,False
20.9581,-0.5213,0.1818,6,3,-3.3272,0.3932,0.0,False
20.966500000000003,-0.4099,0.2332,6,3,-3.3272,0.3932,0.0,False
20.9747,-0.6797,0.1431,6,3,-3.3272,0.3932,0.0,False
20.983000000000004,-0.3541,0.258,6,3,-3.3272,0.3932,0.0,False
20.9914,-0.2719,0.1153,6,3,-3.3272,0.3932,0.0,False
20.999700000000004,-0.2056,0.1994,6,3,-3.3272,0.3932,0.0,False
21.008000000000003,-0.3808,0.1631,6,3,-3.3272,0.3932,0.0,False
21.016400000000004,-0.3567,0.2333,6,3,-3.3272,0.3932,0.0,False
21.024700000000003,-0.1829,0.1648,6,3,-3.3272,0.3932,0.0,False
21.0332,-0.4457,0.1838,6,3,-3.3272,0.3932,0.0,False
21.041600000000003,-0.3427,0.0739,6,3,-3.3272,0.3932,0.0,False
21.0497,-0.3319,0.1233,6,3,-3.3272,0.3932,0.0,False
21.058,-0.4946,0.0504,6,3,-3.3272,0.3932,0.0,False
21.0664,-0.5065,0.0104,6,3,-3.3272,0.3932,0.0,False
21.0747,-0.3138,0.2062,6,3,-3.3272,0.3932,0.0,False
21.083,-0.5946,0.1758,6,3,-3.3272,0.3932,0.0,False
21.0914,-0.6443,0.0027,6,3,-3.3272,0.3932,0.0,False
21.0997,-0.6384,0.1014,6,3,-3.3272,0.3932,0.0,False
21.108000000000004,-0.5158,0.1696,6,3,-3.3272,0.3932,0.0,False
21.116600000000005,-0.619,0.061,6,3,-3.3272,0.3932,0.0,False
21.124700000000004,-0.6921,-0.0141,6,3,-3.3272,0.3932,0.0,False
21.133000000000003,-0.7282,0.0737,6,3,-3.3272,0.3932,0.0,False
21.141600000000004,-0.6117,0.0837,6,3,-3.3272,0.3932,0.0,False
21.149900000000002,-0.6025,0.1763,6,3,-3.3272,0.3932,0.0,False
21.158100000000005,-0.5809,0.0776,6,3,-3.3272,0.3932,0.0,False
21.166400000000003,-0.6042,0.2019,6,3,-3.3272,0.3932,0.0,False
21.1747,-0.5319,0.0835,6,3,-3.3272,0.3932,0.0,False
21.1832,-0.484,0.0582,6,3,-3.3272,0.3932,0.0,False
21.1914,-0.5556,0.0117,6,3,-3.3272,0.3932,0.0,False
21.1997,-0.5938,0.0993,6,3,-3.3272,0.3932,0.0,False
21.208,-0.5271,0.1531,6,3,-3.3272,0.3932,0.0,False
21.2164,-0.4977,0.0609,6,3,-3.3272,0.3932,0.0,False
21.2247,-0.5342,0.1814,6,3,-3.3272,0.3932,0.0,False
21.233200000000004,-0.4627,0.1296,6,3,-3.3272,0.3932,0.0,False
21.2414,-0.6975,0.1058,6,3,-3.3272,0.3932,0.0,False
21.249900000000004,-0.7234,0.1158,6,3,-3.3272,0.3932,0.0,False
21.2581,-0.3453,0.0547,6,3,-3.3272,0.3932,0.0,False
21.266400000000004,-0.7849,0.1204,6,3,-3.3272,0.3932,0.0,False
21.274700000000003,-0.4599,0.1317,6,3,-3.3272,0.3932,0.0,False
21.283100000000005,-0.4795,0.1633,6,3,-3.3272,0.3932,0.0,False
21.291600000000003,-0.4913,0.1819,6,3,-3.3272,0.3932,0.0,False
21.299800000000005,-0.5144,0.3685,6,3,-3.3272,0.3932,0.0,False
21.308,-0.5193,0.0603,6,3,-3.3272,0.3932,0.0,False
21.3164,-0.5414,0.2453,6,3,-3.3272,0.3932,0.0,False
21.324600000000004,-0.3851,0.1905,6,3,-3.3272,0.3932,0.0,False
21.3333,-0.3942,0.1349,6,3,-3.3272,0.3932,0.0,False
21.3416,-0.3043,0.1447,6,3,-3.3272,0.3932,0.0,False
21.3497,-0.3457,0.1607,6,3,-3.3272,0.3932,0.0,False
21.3581,-0.3504,0.155,6,3,-3.3272,0.3932,0.0,False
21.3664,-0.4268,0.0501,6,3,-3.3272,0.3932,0.0,False
21.374700000000004,-0.4376,0.2713,6,3,-3.3272,0.3932,0.0,False
21.3831,-0.308,0.0837,6,3,-3.3272,0.3932,0.0,False
21.391400000000004,-0.3685,0.1676,6,3,-3.3272,0.3932,0.0,False
21.3998,-0.5074,0.3123,6,3,-3.3272,0.3932,0.0,False
21.4084,-0.5683,0.226,6,3,-3.3272,0.3932,0.0,False
21.416400000000003,-0.4709,0.1939,6,3,-3.3272,0.3932,0.0,False
21.4247,-0.5423,0.0798,6,3,-3.3272,0.3932,0.0,False
21.433100000000003,-0.4782,0.1336,6,3,-3.3272,0.3932,0.0,False
21.4416,-0.5746,0.0856,6,3,-3.3272,0.3932,0.0,False
21.4497,-0.5111,0.2529,6,3,-3.3272,0.3932,0.0,False
21.458,-0.5428,0.2507,6,3,-3.3272,0.3932,0.0,False
21.4664,-0.6072,0.1744,6,3,-3.3272,0.3932,0.0,False
21.4747,-0.4621,0.1728,6,3,-3.3272,0.3932,0.0,False
21.483000000000004,-0.5131,0.0681,6,3,-3.3272,0.3932,0.0,False
21.4914,-0.3008,0.1015,6,3,-3.3272,0.3932,0.0,False
21.499700000000004,-0.4334,0.0148,6,3,-3.3272,0.3932,0.0,False
21.508000000000003,-0.2785,0.079,6,3,-3.3272,0.3932,0.0,False
21.516600000000004,-0.3241,0.1027,6,3,-3.3272,0.3932,0.0,False
21.524700000000003,-0.3851,0.1889,6,3,-3.3272,0.3932,0.0,False
21.533,-0.3777,0.2151,6,3,-3.3272,0.3932,0.0,False
21.541400000000003,-0.5194,0.0998,6,3,-3.3272,0.3932,0.0,False
21.5497,-0.4975,0.1936,6,3,-3.3272,0.3932,0.0,False
21.558,-0.5487,0.0718,6,3,-3.3272,0.3932,0.0,False
21.5664,-0.3246,0.2367,6,3,-3.3272,0.3932,0.0,False
21.5747,-0.3813,0.0721,6,3,-3.3272,0.3932,0.0,False
21.5831,-0.4394,0.1582,6,3,-3.3272,0.3932,0.0,False
21.5914,-0.4204,0.0204,6,3,-3.3272,0.3932,0.0,False
21.5997,-0.5069,0.2041,6,3,-3.3272,0.3932,0.0,False
21.608000000000004,-0.4897,0.1345,6,3,-3.3272,0.3932,0.0,False
21.6164,-0.5819,0.1475,6,3,-3.3272,0.3932,0.0,False
21.624700000000004,-0.4159,0.2009,6,3,-3.3272,0.3932,0.0,False
21.633000000000003,-0.6154,0.1547,6,3,-3.3272,0.3932,0.0,False
21.641400000000004,-0.7478,0.0651,6,3,-3.3272,0.3932,0.0,False
21.649700000000003,-0.6768,0.1955,6,3,-3.3272,0.3932,0.0,False
21.658,-0.4975,0.2421,6,3,-3.3272,0.3932,0.0,False
21.666400000000003,-0.6073,0.1594,6,3,-3.3272,0.3932,0.0,False
21.6747,-0.6607,-0.0603,6,3,-3.3272,0.3932,0.0,False
21.6832,-0.4432,0.0974,6,3,-3.3272,0.3932,0.0,False
21.6914,-0.5964,0.2328,6,3,-3.3272,0.3932,0.0,False
21.6997,-0.5621,0.1533,6,3,-3.3272,0.3932,0.0,False
21.708400000000005,-0.6923,0.1647,6,3,-3.3272,0.3932,0.0,False
21.716500000000003,-0.5796,0.1729,6,3,-3.3272,0.3932,0.0,False
21.7247,-0.6178,0.1046,6,3,-3.3272,0.3932,0.0,False
21.733000000000004,-0.6666,0.1236,6,3,-3.3272,0.3932,0.0,False
21.741600000000005,-0.63,0.1391,6,3,-3.3272,0.3932,0.0,False
21.75,-0.5172,0.125,6,3,-3.3272,0.3932,0.0,False
21.7581,-0.5536,0.2012,6,3,-3.3272,0.3932,0.0,False
21.766600000000004,-0.72,0.1653,6,3,-3.3272,0.3932,0.0,False
21.774700000000003,-0.5609,0.3119,6,3,-3.3272,0.3932,0.0,False
21.783,-0.5123,0.2792,6,3,-3.3272,0.3932,0.0,False
21.791400000000003,-0.5557,0.3342,6,3,-3.3272,0.3932,0.0,False
21.7999,-0.5461,0.3016,6,3,-3.3272,0.3932,0.0,False
21.808,-0.5434,0.3529,6,3,-3.3272,0.3932,0.0,False
21.816700000000004,-0.5396,0.3919,6,3,-3.3272,0.3932,0.0,False
21.824800000000003,-0.593,0.3008,6,3,-3.3272,0.3932,0.0,False
21.833,-0.4647,0.2664,6,3,-3.3272,0.3932,0.0,False
21.841700000000003,-0.8274,0.4489,6,3,-3.3272,0.3932,0.0,False
21.8497,-0.6231,0.3356,6,3,-3.3272,0.3932,0.0,False
21.858000000000004,-0.5935,0.3609,6,3,-3.3272,0.3932,0.0,False
21.8664,-0.7163,0.403,6,3,-3.3272,0.3932,0.0,False
21.875,-0.4642,0.3865,6,3,-3.3272,0.3932,0.0,False
21.8831,-0.6247,0.4955,6,3,-3.3272,0.3932,0.0,False
21.891400000000004,-0.6735,0.509,6,3,-3.3272,0.3932,0.0,False
22.7164,0.423,-0.1846,-3,-3,-3.3272,0.3932,0.0,False
22.7247,0.3624,-0.2092,-3,-3,-3.3272,0.3932,0.0,False
22.733000000000004,0.3709,-0.2653,-3,-3,-3.3272,0.3932,0.0,False
22.741600000000005,0.2698,-0.132,-3,-3,-3.3272,0.3932,0.0,False
22.749900000000004,0.2729,-0.0852,-3,-3,-3.3272,0.3932,0.0,False
22.758000000000003,0.4431,-0.2231,-3,-3,-3.3272,0.3932,0.0,False
22.766400000000004,0.3359,-0.3148,-3,-3,-3.3272,0.3932,0.0,False
22.774700000000003,0.3103,-0.2216,-3,-3,-3.3272,0.3932,0.0,False
22.783,0.3518,-0.2536,-3,-3,-3.3272,0.3932,0.0,False
22.791400000000003,0.3385,-0.2378,-3,-3,-3.3272,0.3932,0.0,False
22.7997,0.2709,-0.1996,-3,-3,-3.3272,0.3932,0.0,False
22.808300000000003,0.1781,-0.1249,-3,-3,-3.3272,0.3932,0.0,False
22.816500000000005,0.0033,-0.1653,-3,-3,-3.3272,0.3932,0.0,False
22.824800000000003,0.1595,-0.3717,-3,-3,-3.3272,0.3932,0.0,False
22.833,0.2092,-0.1555,-3,-3,-3.3272,0.3932,0.0,False
22.8414,0.2024,-0.4286,-3,-3,-3.3272,0.3932,0.0,False
22.8497,0.2527,-0.5572,-3,-3,-3.3272,0.3932,0.0,False
22.8581,0.2152,-0.5075,-3,-3,-3.3272,0.3932,0.0,False
22.8664,0.3789,-0.6935,-3,-3,-3.3272,0.3932,0.0,False
22.875,0.3713,-0.3949,-3,-3,-3.3272,0.3932,0.0,False
22.883000000000003,0.0119,-0.4015,-3,-3,-3.3272,0.3932,0.0,False
22.891400000000004,0.2013,-0.6783,-3,-3,-3.3272,0.3932,0.0,False
22.8998,0.0276,-0.8213,-3,-3,-3.3272,0.3932,0.0,False
22.9082,-0.1266,-0.4785,-3,-3,-3.3272,0.3932,0.0,False
22.916400000000003,-0.1948,-0.4405,-3,-3,-3.3272,0.3932,0.0,False
22.9247,-0.0098,-0.4572,-3,-3,-3.3272,0.3932,0.0,False
22.933,-0.1017,-0.5885,-3,-3,-3.3272,0.3932,0.0,False
22.941700000000004,-0.0451,-0.8375,-3,-3,-3.3272,0.3932,0.0,False
22.9497,0.1451,-0.6261,-3,-3,-3.3272,0.3932,0.0,False
22.958,-0.2323,-0.3291,-3,-3,-3.3272,0.3932,0.0,False
22.9664,0.0008,-0.824,-3,-3,-3.3272,0.3932,0.0,False
22.9747,-0.1263,-0.4887,-3,-3,-3.3272,0.3932,0.0,False
22.983200000000004,-0.3427,-0.5636,-3,-3,-3.3272,0.3932,0.0,False
22.9914,0.0091,-0.6923,-3,-3,-3.3272,0.3932,0.0,False
22.999700000000004,0.0409,-0.6716,-3,-3,-3.3272,0.3932,0.0,False
23.008000000000003,-0.204,-0.6775,-3,-3,-3.3272,0.3932,0.0,False
23.0165,-0.1096,-0.6873,-3,-3,-3.3272,0.3932,0.0,False
23.0248,0.221,-0.5193,-3,-3,-3.3272,0.3932,0.0,False
23.033100000000005,-0.1133,-0.6507,-3,-3,-3.3272,0.3932,0.0,False
23.0415,-0.0656,-0.5688,-3,-3,-3.3272,0.3932,0.0,False
23.049800000000005,0.0174,-0.6745,-3,-3,-3.3272,0.3932,0.0,False
23.058100000000003,0.084,-0.4957,-3,-3,-3.3272,0.3932,0.0,False
23.066700000000004,-0.0682,-0.6653,-3,-3,-3.3272,0.3932,0.0,False
23.0747,-0.0018,-0.4856,-3,-3,-3.3272,0.3932,0.0,False
23.083,0.0468,-0.4652,-3,-3,-3.3272,0.3932,0.0,False
23.0914,-0.2103,-0.5325,-3,-3,-3.3272,0.3932,0.0,False
23.0997,-0.0005,-0.4851,-3,-3,-3.3272,0.3932,0.0,False
23.108200000000004,0.2374,-0.4374,-3,-3,-3.3272,0.3932,0.0,False
23.1164,0.0768,-0.5348,-3,-3,-3.3272,0.3932,0.0,False
23.124700000000004,0.0889,-0.7259,-3,-3,-3.3272,0.3932,0.0,False
23.1331,-0.0887,-0.6081,-3,-3,-3.3272,0.3932,0.0,False
23.141400000000004,-0.0567,-0.3967,-3,-3,-3.3272,0.3932,0.0,False
23.1498,0.0644,-0.5373,-3,-3,-3.3272,0.3932,0.0,False
23.158,0.1558,-0.5218,-3,-3,-3.3272,0.3932,0.0,False
23.166600000000003,0.4004,-0.2863,-3,-3,-3.3272,0.3932,0.0,False
23.175000000000004,0.0451,-0.674,-3,-3,-3.3272,0.3932,0.0,False
23.183,0.1523,-0.4818,-3,-3,-3.3272,0.3932,0.0,False
23.1914,-0.1377,-0.5777,-3,-3,-3.3272,0.3932,0.0,False
23.1997,0.1158,-0.6251,-3,-3,-3.3272,0.3932,0.0,False
23.208200000000005,0.4355,-0.5639,-3,-3,-3.3272,0.3932,0.0,False
23.2164,0.1935,-0.4737,-3,-3,-3.3272,0.3932,0.0,False
23.2247,0.1708,-0.4998,-3,-3,-3.3272,0.3932,0.0,False
23.2331,0.2101,-0.4835,-3,-3,-3.3272,0.3932,0.0,False
23.241600000000005,0.3267,-0.3621,-3,-3,-3.3272,0.3932,0.0,False
23.249700000000004,0.0833,-0.5812,-3,-3,-3.3272,0.3932,0.0,False
23.258000000000003,0.587,-0.3631,-3,-3,-3.3272,0.3932,0.0,False
23.266400000000004,0.8212,-0.3764,-3,-3,-3.3272,0.3932,0.0,False
23.2748,0.4541,-0.4557,-3,-3,-3.3272,0.3932,0.0,False
23.2832,0.5534,-0.4808,-3,-3,-3.3272,0.3932,0.0,False
23.291400000000003,0.4382,-0.2772,-3,-3,-3.3272,0.3932,0.0,False
23.2997,0.2887,-0.2479,-3,-3,-3.3272,0.3932,0.0,False
23.308300000000003,0.2219,-0.2032,-3,-3,-3.3272,0.3932,0.0,False
23.3164,0.2495,-0.2872,-3,-3,-3.3272,0.3932,0.0,False
23.3247,0.184,-0.488,-3,-3,-3.3272,0.3932,0.0,False
23.3331,0.0626,-0.3287,-3,-3,-3.3272,0.3932,0.0,False
23.341700000000003,0.3308,-0.3226,-3,-3,-3.3272,0.3932,0.0,False
23.3497,0.2268,-0.4245,-3,-3,-3.3272,0.3932,0.0,False
23.358000000000004,0.0385,-0.1959,-3,-3,-3.3272,0.3932,0.0,False
23.3664,-0.0794,-0.4158,-3,-3,-3.3272,0.3932,0.0,False
23.374900000000004,0.2571,-0.3945,-3,-3,-3.3272,0.3932,0.0,False
23.3831,0.2978,-0.1661,-3,-3,-3.3272,0.3932,0.0,False
23.391400000000004,0.2219,-0.6058,-3,-3,-3.3272,0.3932,0.0,False
23.3998,-0.0542,-0.209,-3,-3,-3.3272,0.3932,0.0,False
23.4082,0.4333,-0.7033,-3,-3,-3.3272,0.3932,0.0,False
23.416400000000003,-0.2091,-0.2282,-3,-3,-3.3272,0.3932,0.0,False
23.4247,-0.0022,-0.4413,-3,-3,-3.3272,0.3932,0.0,False
23.433100000000003,0.0477,-0.5043,-3,-3,-3.3272,0.3932,0.0,False
23.4416,0.208,-0.4201,-3,-3,-3.3272,0.3932,0.0,False
23.4497,0.1833,-0.2641,-3,-3,-3.3272,0.3932,0.0,False
23.458,0.0149,-0.2571,-3,-3,-3.3272,0.3932,0.0,False
23.4664,0.2228,-0.4379,-3,-3,-3.3272,0.3932,0.0,False
23.474900000000005,0.1712,-0.3563,-3,-3,-3.3272,0.3932,0.0,False
23.4831,0.0492,-0.7927,-3,-3,-3.3272,0.3932,0.0,False
23.4914,0.1214,-0.6357,-3,-3,-3.3272,0.3932,0.0,False
23.4998,0.1655,-0.558,-3,-3,-3.3272,0.3932,0.0,False
23.5084,0.26,-0.6507,-3,-3,-3.3272,0.3932,0.0,False
23.516400000000004,0.3419,-0.3452,-3,-3,-3.3272,0.3932,0.0,False
23.524700000000003,0.1313,-0.1543,-3,-3,-3.3272,0.3932,0.0,False
23.5332,0.1233,-0.4025,-3,-3,-3.3272,0.3932,0.0,False
23.5417,-0.0068,-0.0724,-3,-3,-3.3272,0.3932,0.0,False
23.5497,0.0384,-0.2746,-3,-3,-3.3272,0.3932,0.0,False
23.558100000000003,-0.042,-0.4829,-3,-3,-3.3272,0.3932,0.0,False
23.566500000000005,0.1451,-0.2761,-3,-3,-3.3272,0.3932,0.0,False
23.5747,0.2142,-0.1521,-3,-3,-3.3272,0.3932,0.0,False
23.583200000000005,0.1038,-0.4445,-3,-3,-3.3272,0.3932,0.0,False
23.5914,0.4018,-0.4365,-3,-3,-3.3272,0.3932,0.0,False
23.5997,0.1647,-0.2202,-3,-3,-3.3272,0.3932,0.0,False
23.608000000000004,0.0246,-0.07,-3,-3,-3.3272,0.3932,0.0,False
23.616500000000002,0.0348,-0.417,-3,-3,-3.3272,0.3932,0.0,False
23.624700000000004,0.2895,-0.6726,-3,-3,-3.3272,0.3932,0.0,False
23.633000000000003,0.2043,-0.1621,-3,-3,-3.3272,0.3932,0.0,False
23.641400000000004,0.0189,-0.3998,-3,-3,-3.3272,0.3932,0.0,False
23.649700000000003,0.0126,-0.0405,-3,-3,-3.3272,0.3932,0.0,False
23.658,0.192,-0.1482,-3,-3,-3.3272,0.3932,0.0,False
23.6665,0.1889,-0.2885,-3,-3,-3.3272,0.3932,0.0,False
23.6747,0.4289,-0.3669,-3,-3,-3.3272,0.3932,0.0,False
23.6832,0.4431,-0.1887,-3,-3,-3.3272,0.3932,0.0,False
23.6914,0.3486,-0.3541,-3,-3,-3.3272,0.3932,0.0,False
23.699800000000003,0.2694,-0.0369,-3,-3,-3.3272,0.3932,0.0,False
23.708200000000005,0.2971,-0.2769,-3,-3,-3.3272,0.3932,0.0,False
23.7164,0.1998,-0.3982,-3,-3,-3.3272,0.3932,0.0,False
23.7247,0.2819,-0.2739,-3,-3,-3.3272,0.3932,0.0,False
23.7331,0.5849,-0.1546,-3,-3,-3.3272,0.3932,0.0,False
23.7417,0.4327,-0.3683,-3,-3,-3.3272,0.3932,0.0,False
23.749700000000004,0.5084,-0.4953,-3,-3,-3.3272,0.3932,0.0,False
23.7581,0.1717,-0.4358,-3,-3,-3.3272,0.3932,0.0,False
23.766400000000004,0.2727,-0.3001,-3,-3,-3.3272,0.3932,0.0,False
23.774700000000003,0.3168,-0.0097,-3,-3,-3.3272,0.3932,0.0,False
23.783100000000005,0.1208,-0.0948,-3,-3,-3.3272,0.3932,0.0,False
23.791400000000003,0.202,-0.6283,-3,-3,-3.3272,0.3932,0.0,False
23.7997,0.3658,-0.4318,-3,-3,-3.3272,0.3932,0.0,False
23.8082,0.292,-0.6036,-3,-3,-3.3272,0.3932,0.0,False
23.816500000000005,0.0825,-0.4173,-3,-3,-3.3272,0.3932,0.0,False
23.8247,0.1507,-0.5914,-3,-3,-3.3272,0.3932,0.0,False
23.8331,0.2132,-0.3721,-3,-3,-3.3272,0.3932,0.0,False
23.841500000000003,0.0604,-0.3106,-3,-3,-3.3272,0.3932,0.0,False
23.8497,0.1924,-0.5537,-3,-3,-3.3272,0.3932,0.0,False
23.858000000000004,0.0001,-0.3827,-3,-3,-3.3272,0.3932,0.0,False
23.866600000000005,0.2339,-0.7285,-3,-3,-3.3272,0.3932,0.0,False
23.874700000000004,-0.1375,-0.5906,-3,-3,-3.3272,0.3932,0.0,False
23.883000000000003,0.0037,-0.6678,-3,-3,-3.3272,0.3932,0.0,False
23.891400000000004,0.0138,-0.5424,-3,-3,-3.3272,0.3932,0.0,False
23.899700000000003,0.0366,-0.4286,-3,-3,-3.3272,0.3932,0.0,False
23.908300000000004,0.0071,-0.7652,-3,-3,-3.3272,0.3932,0.0,False
23.916400000000003,0.3809,-0.563,-3,-3,-3.3272,0.3932,0.0,False
23.9247,0.1155,-0.3429,-3,-3,-3.3272,0.3932,0.0,False
23.933,-0.0105,-0.7848,-3,-3,-3.3272,0.3932,0.0,False
23.9416,0.1207,-0.5481,-3,-3,-3.3272,0.3932,0.0,False
23.9499,0.0523,-0.5252,-3,-3,-3.3272,0.3932,0.0,False
23.9581,-0.0531,-0.4952,-3,-3,-3.3272,0.3932,0.0,False
23.9664,0.0262,-0.4391,-3,-3,-3.3272,0.3932,0.0,False
23.9747,0.1656,-0.5926,-3,-3,-3.3272,0.3932,0.0,False
23.983200000000004,0.1499,-0.6132,-3,-3,-3.3272,0.3932,0.0,False
23.9914,0.1569,-0.7109,-3,-3,-3.3272,0.3932,0.0,False
23.999700000000004,0.1052,-0.6836,-3,-3,-3.3272,0.3932,0.0,False
24.0083,0.3036,-0.4761,-3,-3,-3.3272,0.3932,0.0,False
24.0165,0.2106,-0.5958,-3,-3,-3.3272,0.3932,0.0,False
24.8416,-0.2954,0.8083,-3,6,-3.3272,0.3932,0.0,False
24.849800000000002,-0.4169,0.7485,-3,6,-3.3272,0.3932,0.0,False
24.858200000000004,-0.4139,0.933,-3,6,-3.3272,0.3932,0.0,False
24.8664,-0.4422,0.9642,-3,6,-3.3272,0.3932,0.0,False
24.874900000000004,-0.4581,0.6924,-3,6,-3.3272,0.3932,0.0,False
24.8831,-0.3031,0.7588,-3,6,-3.3272,0.3932,0.0,False
24.891400000000004,-0.3915,0.7895,-3,6,-3.3272,0.3932,0.0,False
24.899900000000002,-0.3037,0.9296,-3,6,-3.3272,0.3932,0.0,False
24.908300000000004,-0.4563,0.9385,-3,6,-3.3272,0.3932,0.0,False
24.916400000000003,-0.1984,0.7882,-3,6,-3.3272,0.3932,0.0,False
24.9247,-0.1826,0.7675,-3,6,-3.3272,0.3932,0.0,False
24.933,-0.3186,0.7454,-3,6,-3.3272,0.3932,0.0,False
24.941300000000005,-0.2974,0.8575,-3,6,-3.3272,0.3932,0.0,False
24.9497,-0.3668,0.6583,-3,6,-3.3272,0.3932,0.0,False
24.958,-0.3684,0.827,-3,6,-3.3272,0.3932,0.0,False
24.966300000000004,-0.3479,0.7749,-3,6,-3.3272,0.3932,0.0,False
24.9747,-0.5809,0.6747,-3,6,-3.3272,0.3932,0.0,False
24.983000000000004,-0.2657,0.6736,-3,6,-3.3272,0.3932,0.0,False
24.991300000000003,-0.3765,0.6588,-3,6,-3.3272,0.3932,0.0,False
24.999700000000004,-0.3776,0.6866,-3,6,-3.3272,0.3932,0.0,False
25.0083,-0.3172,0.7876,-3,6,-3.3272,0.3932,0.0,False
25.0163,-0.4392,0.7556,-3,6,-3.3272,0.3932,0.0,False
25.024700000000003,-0.4031,0.6668,-3,6,-3.3272,0.3932,0.0,False
25.033100000000005,-0.506,0.6446,-3,6,-3.3272,0.3932,0.0,False
25.0413,-0.5358,0.7762,-3,6,-3.3272,0.3932,0.0,False
25.0497,-0.5127,0.6345,-3,6,-3.3272,0.3932,0.0,False
25.058100000000003,-0.2814,0.7295,-3,6,-3.3272,0.3932,0.0,False
25.066300000000005,-0.4071,0.6856,-3,6,-3.3272,0.3932,0.0,False
25.074800000000003,-0.3183,0.6613,-3,6,-3.3272,0.3932,0.0,False
25.083,-0.38,0.6582,-3,6,-3.3272,0.3932,0.0,False
25.091300000000004,-0.286,0.8077,-3,6,-3.3272,0.3932,0.0,False
25.0997,-0.3866,0.8006,-3,6,-3.3272,0.3932,0.0,False
25.108200000000004,-0.2477,0.7921,-3,6,-3.3272,0.3932,0.0,False
25.116300000000003,-0.4767,0.8601,-3,6,-3.3272,0.3932,0.0,False
25.124700000000004,-0.2786,0.8274,-3,6,-3.3272,0.3932,0.0,False
25.1331,-0.2989,0.7959,-3,6,-3.3272,0.3932,0.0,False
25.1413,-0.3442,0.7919,-3,6,-3.3272,0.3932,0.0,False
25.149700000000003,-0.3151,0.8327,-3,6,-3.3272,0.3932,0.0,False
25.158,-0.3602,0.8153,-3,6,-3.3272,0.3932,0.0,False
25.1663,-0.2537,0.8988,-3,6,-3.3272,0.3932,0.0,False
25.174800000000005,-0.3638,0.8209,-3,6,-3.3272,0.3932,0.0,False
25.183300000000003,-0.3588,0.7903,-3,6,-3.3272,0.3932,0.0,False
25.191300000000005,-0.3035,0.8462,-3,6,-3.3272,0.3932,0.0,False
25.1997,-0.3881,0.8574,-3,6,-3.3272,0.3932,0.0,False
25.208200000000005,-0.2696,0.8253,-3,6,-3.3272,0.3932,0.0,False
25.216300000000004,-0.304,0.7798,-3,6,-3.3272,0.3932,0.0,False
25.2247,-0.3626,0.8403,-3,6,-3.3272,0.3932,0.0,False
25.2331,-0.3011,0.8332,-3,6,-3.3272,0.3932,0.0,False
25.241300000000003,-0.3726,0.7639,-3,6,-3.3272,0.3932,0.0,False
25.249700000000004,-0.3742,0.798,-3,6,-3.3272,0.3932,0.0,False
25.258000000000003,-0.3157,0.7244,-3,6,-3.3272,0.3932,0.0,False
25.2663,-0.2833,0.6326,-3,6,-3.3272,0.3932,0.0,False
25.275,-0.2332,0.8377,-3,6,-3.3272,0.3932,0.0,False
25.283,-0.1713,0.7509,-3,6,-3.3272,0.3932,0.0,False
25.2913,-0.2557,0.7567,-3,6,-3.3272,0.3932,0.0,False
25.2997,-0.2755,0.7554,-3,6,-3.3272,0.3932,0.0,False
25.308,-0.2992,0.8141,-3,6,-3.3272,0.3932,0.0,False
25.316300000000005,-0.3528,0.7377,-3,6,-3.3272,0.3932,0.0,False
25.3247,-0.238,0.8029,-3,6,-3.3272,0.3932,0.0,False
25.333,-0.2975,0.8553,-3,6,-3.3272,0.3932,0.0,False
25.341300000000004,-0.2351,0.5703,-3,6,-3.3272,0.3932,0.0,False
25.349800000000002,-0.2252,0.6583,-3,6,-3.3272,0.3932,0.0,False
25.358000000000004,-0.1283,0.7099,-3,6,-3.3272,0.3932,0.0,False
25.366600000000005,-0.2227,0.6662,-3,6,-3.3272,0.3932,0.0,False
25.374700000000004,-0.265,0.7341,-3,6,-3.3272,0.3932,0.0,False
25.3831,-0.3426,0.7201,-3,6,-3.3272,0.3932,0.0,False
25.3913,-0.3212,0.7978,-3,6,-3.3272,0.3932,0.0,False
25.399700000000003,-0.3163,0.7289,-3,6,-3.3272,0.3932,0.0,False
25.4082,-0.4095,0.7816,-3,6,-3.3272,0.3932,0.0,False
25.4163,-0.2693,0.6923,-3,6,-3.3272,0.3932,0.0,False
25.4247,-0.2704,0.6546,-3,6,-3.3272,0.3932,0.0,False
25.433,-0.2845,0.6454,-3,6,-3.3272,0.3932,0.0,False
25.441500000000005,-0.2074,0.8193,-3,6,-3.3272,0.3932,0.0,False
25.4497,-0.2823,0.6336,-3,6,-3.3272,0.3932,0.0,False
25.458,-0.2919,0.6882,-3,6,-3.3272,0.3932,0.0,False
25.466300000000004,-0.2685,0.5777,-3,6,-3.3272,0.3932,0.0,False
25.474900000000005,-0.1195,0.5946,-3,6,-3.3272,0.3932,0.0,False
25.483000000000004,-0.2702,0.6576,-3,6,-3.3272,0.3932,0.0,False
25.491300000000003,-0.3194,0.7735,-3,6,-3.3272,0.3932,0.0,False
25.499700000000004,-0.3192,0.8168,-3,6,-3.3272,0.3932,0.0,False
25.5083,-0.3518,0.6828,-3,6,-3.3272,0.3932,0.0,False
25.5163,-0.3255,0.7904,-3,6,-3.3272,0.3932,0.0,False
25.524700000000003,-0.3069,0.8412,-3,6,-3.3272,0.3932,0.0,False
25.533100000000005,-0.415,0.8423,-3,6,-3.3272,0.3932,0.0,False
25.5417,-0.4009,0.8295,-3,6,-3.3272,0.3932,0.0,False
25.5497,-0.3156,0.8012,-3,6,-3.3272,0.3932,0.0,False
25.558,-0.3188,0.8553,-3,6,-3.3272,0.3932,0.0,False
25.5664,-0.4033,0.8657,-3,6,-3.3272,0.3932,0.0,False
25.5749,-0.4284,0.7652,-3,6,-3.3272,0.3932,0.0,False
25.5833,-0.2718,0.7366,-3,6,-3.3272,0.3932,0.0,False
25.591300000000004,-0.382,0.7678,-3,6,-3.3272,0.3932,0.0,False
25.599800000000002,-0.4676,0.7017,-3,6,-3.3272,0.3932,0.0,False
25.6083,-0.4093,0.7592,-3,6,-3.3272,0.3932,0.0,False
25.616300000000003,-0.4452,0.72,-3,6,-3.3272,0.3932,0.0,False
25.624700000000004,-0.3315,0.7782,-3,6,-3.3272,0.3932,0.0,False
25.633200000000002,-0.3875,0.7894,-3,6,-3.3272,0.3932,0.0,False
25.6413,-0.3877,0.803,-3,6,-3.3272,0.3932,0.0,False
25.649700000000003,-0.3069,0.6907,-3,6,-3.3272,0.3932,0.0,False
25.658,-0.453,0.8049,-3,6,-3.3272,0.3932,0.0,False
25.6663,-0.3516,0.7365,-3,6,-3.3272,0.3932,0.0,False
25.6747,-0.4024,0.7548,-3,6,-3.3272,0.3932,0.0,False
25.683100000000003,-0.3648,0.7996,-3,6,-3.3272,0.3932,0.0,False
25.691300000000005,-0.3679,0.7269,-3,6,-3.3272,0.3932,0.0,False
25.6997,-0.4305,0.7153,-3,6,-3.3272,0.3932,0.0,False
25.7083,-0.2315,0.65,-3,6,-3.3272,0.3932,0.0,False
25.7164,-0.1633,0.7217,-3,6,-3.3272,0.3932,0.0,False
25.7247,-0.1959,0.7758,-3,6,-3.3272,0.3932,0.0,False
25.733000000000004,-0.2623,0.7704,-3,6,-3.3272,0.3932,0.0,False
25.741300000000003,-0.2415,0.7193,-3,6,-3.3272,0.3932,0.0,False
25.749700000000004,-0.2839,0.7869,-3,6,-3.3272,0.3932,0.0,False
25.758000000000003,-0.3144,0.7933,-3,6,-3.3272,0.3932,0.0,False
25.7663,-0.3203,0.8268,-3,6,-3.3272,0.3932,0.0,False
25.774700000000003,-0.4201,0.8948,-3,6,-3.3272,0.3932,0.0,False
25.783,-0.4129,0.7614,-3,6,-3.3272,0.3932,0.0,False
25.7913,-0.3574,0.846,-3,6,-3.3272,0.3932,0.0,False
25.7997,-0.2939,0.8502,-3,6,-3.3272,0.3932,0.0,False
25.8082,-0.4499,0.9028,-3,6,-3.3272,0.3932,0.0,False
25.8164,-0.3919,0.8526,-3,6,-3.3272,0.3932,0.0,False
26.6413,0.1408,0.0572,3,3,-3.3272,0.3932,0.0,False
26.649700000000003,0.106,-0.0205,3,3,-3.3272,0.3932,0.0,False
26.658,0.0835,0.0433,3,3,-3.3272,0.3932,0.0,False
26.6663,0.0151,0.0037,3,3,-3.3272,0.3932,0.0,False
26.675000000000004,-0.0504,0.0248,3,3,-3.3272,0.3932,0.0,False
26.683,0.133,0.0924,3,3,-3.3272,0.3932,0.0,False
26.691300000000005,0.0989,0.0177,3,3,-3.3272,0.3932,0.0,False
26.6997,-0.0265,0.0981,3,3,-3.3272,0.3932,0.0,False
26.7083,-0.1688,-0.04,3,3,-3.3272,0.3932,0.0,False
26.7164,-0.0485,-0.112,3,3,-3.3272,0.3932,0.0,False
26.7247,-0.063,-0.0183,3,3,-3.3272,0.3932,0.0,False
26.733000000000004,-0.1048,-0.1005,3,3,-3.3272,0.3932,0.0,False
26.741500000000002,-0.1039,0.0007,3,3,-3.3272,0.3932,0.0,False
26.749700000000004,-0.025,-0.0152,3,3,-3.3272,0.3932,0.0,False
26.758000000000003,-0.0663,-0.0882,3,3,-3.3272,0.3932,0.0,False
26.7663,-0.0634,-0.0934,3,3,-3.3272,0.3932,0.0,False
26.774900000000002,-0.0612,0.0105,3,3,-3.3272,0.3932,0.0,False
26.783,-0.1583,-0.0042,3,3,-3.3272,0.3932,0.0,False
26.7913,-0.087,-0.0019,3,3,-3.3272,0.3932,0.0,False
26.7997,-0.0245,-0.0699,3,3,-3.3272,0.3932,0.0,False
26.808,-0.085,-0.0524,3,3,-3.3272,0.3932,0.0,False
26.8164,-0.0916,-0.1248,3,3,-3.3272,0.3932,0.0,False
26.824800000000003,-0.1612,-0.0666,3,3,-3.3272,0.3932,0.0,False
26.8331,-0.0867,-0.1463,3,3,-3.3272,0.3932,0.0,False
26.841300000000004,-0.1473,-0.0962,3,3,-3.3272,0.3932,0.0,False
26.8497,-0.1589,0.0607,3,3,-3.3272,0.3932,0.0,False
26.8581,-0.2239,-0.0952,3,3,-3.3272,0.3932,0.0,False
26.866300000000003,-0.2341,-0.0901,3,3,-3.3272,0.3932,0.0,False
26.874700000000004,-0.0629,-0.0215,3,3,-3.3272,0.3932,0.0,False
26.883000000000003,0.1404,0.1211,3,3,-3.3272,0.3932,0.0,False
27.241300000000003,0.5495,-1.8124,3,3,-3.3272,0.3932,0.0,False
27.2498,0.5936,-1.7609,3,3,-3.3272,0.3932,0.0,False
27.258000000000003,0.4695,-1.2183,3,3,-3.3272,0.3932,0.0,False
27.2665,0.3804,-1.4958,3,3,-3.3272,0.3932,0.0,False
27.274900000000002,0.1217,-1.0714,3,3,-3.3272,0.3932,0.0,False
27.2832,0.1901,-0.7909,3,3,-3.3272,0.3932,0.0,False
27.2913,0.1892,-0.7423,3,3,-3.3272,0.3932,0.0,False
27.2997,0.1387,-0.7978,3,3,-3.3272,0.3932,0.0,False
27.3084,-0.2185,-0.5521,3,3,-3.3272,0.3932,0.0,False
27.3164,-0.2635,-0.7189,3,3,-3.3272,0.3932,0.0,False
27.3247,-0.4085,-0.5909,3,3,-3.3272,0.3932,0.0,False
27.333200000000005,-0.3836,-0.3567,3,3,-3.3272,0.3932,0.0,False
27.341300000000004,-0.4037,-0.4762,3,3,-3.3272,0.3932,0.0,False
27.3497,-0.1657,-0.6253,3,3,-3.3272,0.3932,0.0,False
27.358000000000004,-0.2803,-0.4985,3,3,-3.3272,0.3932,0.0,False
27.3664,-0.3203,-0.4971,3,3,-3.3272,0.3932,0.0,False
27.374700000000004,-0.3621,-0.4089,3,3,-3.3272,0.3932,0.0,False
27.383000000000003,-0.2597,-0.4402,3,3,-3.3272,0.3932,0.0,False
27.3913,-0.317,-0.5068,3,3,-3.3272,0.3932,0.0,False
27.3998,-0.4485,-0.2234,3,3,-3.3272,0.3932,0.0,False
27.408,-0.2586,-0.2174,3,3,-3.3272,0.3932,0.0,False
27.4165,-0.355,-0.228,3,3,-3.3272,0.3932,0.0,False
27.4247,-0.1387,-0.3127,3,3,-3.3272,0.3932,0.0,False
27.433100000000003,-0.2032,-0.3698,3,3,-3.3272,0.3932,0.0,False
27.441300000000005,-0.1185,-0.2507,3,3,-3.3272,0.3932,0.0,False
27.449800000000003,-0.2175,-0.2089,3,3,-3.3272,0.3932,0.0,False
27.458,-0.103,-0.0992,3,3,-3.3272,0.3932,0.0,False
27.466300000000004,-0.2762,-0.1561,3,3,-3.3272,0.3932,0.0,False
27.474900000000005,-0.0343,-0.1526,3,3,-3.3272,0.3932,0.0,False
27.4831,-0.1246,-0.1492,3,3,-3.3272,0.3932,0.0,False
27.491300000000003,-0.0952,-0.3079,3,3,-3.3272,0.3932,0.0,False
27.499700000000004,-0.2365,-0.2409,3,3,-3.3272,0.3932,0.0,False
27.5083,-0.1772,-0.0889,3,3,-3.3272,0.3932,0.0,False
27.5165,-0.2068,-0.0898,3,3,-3.3272,0.3932,0.0,False
27.524700000000003,-0.348,-0.0425,3,3,-3.3272,0.3932,0.0,False
27.533100000000005,-0.2394,-0.2641,3,3,-3.3272,0.3932,0.0,False
27.541400000000003,-0.1984,-0.2866,3,3,-3.3272,0.3932,0.0,False
27.5497,-0.2288,-0.398,3,3,-3.3272,0.3932,0.0,False
27.558,-0.4771,0.0004,3,3,-3.3272,0.3932,0.0,False
28.524700000000003,-0.2286,0.3187,0,3,-3.3272,0.3932,0.0,False
28.5332,-0.1395,0.0775,0,3,-3.3272,0.3932,0.0,False
28.5415,-0.2087,0.2583,0,3,-3.3272,0.3932,0.0,False
28.549800000000005,-0.3031,0.1909,0,3,-3.3272,0.3932,0.0,False
28.558,-0.1244,0.2591,0,3,-3.3272,0.3932,0.0,False
28.566300000000005,-0.0015,0.1722,0,3,-3.3272,0.3932,0.0,False
28.5749,-0.1098,0.1322,0,3,-3.3272,0.3932,0.0,False
28.583,-0.2501,0.1549,0,3,-3.3272,0.3932,0.0,False
28.591300000000004,-0.1391,0.1512,0,3,-3.3272,0.3932,0.0,False
28.5997,-0.1715,0.0603,0,3,-3.3272,0.3932,0.0,False
28.608200000000004,0.0252,0.1098,0,3,-3.3272,0.3932,0.0,False
28.616300000000003,-0.152,0.0564,0,3,-3.3272,0.3932,0.0,False
28.624700000000004,-0.0515,0.2004,0,3,-3.3272,0.3932,0.0,False
28.633000000000003,-0.2494,0.1183,0,3,-3.3272,0.3932,0.0,False
28.6413,-0.1077,0.1815,0,3,-3.3272,0.3932,0.0,False
28.649700000000003,-0.0567,0.2216,0,3,-3.3272,0.3932,0.0,False
28.658100000000005,-0.0493,0.2444,0,3,-3.3272,0.3932,0.0,False
28.6663,-0.1785,0.1519,0,3,-3.3272,0.3932,0.0,False
28.674800000000005,-0.0994,0.1452,0,3,-3.3272,0.3932,0.0,False
28.683100000000003,-0.1263,0.116,0,3,-3.3272,0.3932,0.0,False
28.691300000000005,-0.0186,0.2008,0,3,-3.3272,0.3932,0.0,False
28.6997,-0.3398,0.1619,0,3,-3.3272,0.3932,0.0,False
28.708200000000005,-0.267,0.1159,0,3,-3.3272,0.3932,0.0,False
28.716500000000003,-0.1376,0.1104,0,3,-3.3272,0.3932,0.0,False
28.7247,-0.2003,-0.0102,0,3,-3.3272,0.3932,0.0,False
28.7333,-0.3815,-0.0982,0,3,-3.3272,0.3932,0.0,False
28.741300000000003,-0.1874,-0.073,0,3,-3.3272,0.3932,0.0,False
28.749700000000004,-0.193,-0.0968,0,3,-3.3272,0.3932,0.0,False
28.7581,-0.1218,-0.1578,0,3,-3.3272,0.3932,0.0,False
28.766600000000004,-0.1603,-0.1808,0,3,-3.3272,0.3932,0.0,False
28.774700000000003,-0.0811,-0.2163,0,3,-3.3272,0.3932,0.0,False
28.783,-0.0329,-0.1408,0,3,-3.3272,0.3932,0.0,False
28.7913,-0.0268,0.0841,0,3,-3.3272,0.3932,0.0,False
28.7997,0.0369,-0.0751,0,3,-3.3272,0.3932,0.0,False
28.8082,-0.0159,0.0429,0,3,-3.3272,0.3932,0.0,False
28.816300000000005,0.1192,-0.0744,0,3,-3.3272,0.3932,0.0,False
28.8247,0.158,-0.0219,0,3,-3.3272,0.3932,0.0,False
28.833,-0.1305,-0.1387,0,3,-3.3272,0.3932,0.0,False
28.8414,0.1036,-0.067,0,3,-3.3272,0.3932,0.0,False
28.8497,0.19,-0.1708,0,3,-3.3272,0.3932,0.0,False
28.858000000000004,0.1478,0.0955,0,3,-3.3272,0.3932,0.0,False
28.866300000000003,0.1941,0.18,0,3,-3.3272,0.3932,0.0,False
28.874700000000004,-0.0443,0.1089,0,3,-3.3272,0.3932,0.0,False
28.8831,0.0268,0.0967,0,3,-3.3272,0.3932,0.0,False
28.8913,0.0291,0.0971,0,3,-3.3272,0.3932,0.0,False
28.8998,-0.2571,0.0605,0,3,-3.3272,0.3932,0.0,False
28.908,-0.2129,0.1618,0,3,-3.3272,0.3932,0.0,False
28.9163,-0.069,-0.058,0,3,-3.3272,0.3932,0.0,False
28.9247,-0.1738,-0.019,0,3,-3.3272,0.3932,0.0,False
28.933100000000003,-0.2678,0.0902,0,3,-3.3272,0.3932,0.0,False
28.9414,-0.242,0.0496,0,3,-3.3272,0.3932,0.0,False
28.9497,0.1298,0.1476,0,3,-3.3272,0.3932,0.0,False
28.958,0.0353,-0.0007,0,3,-3.3272,0.3932,0.0,False
28.966300000000004,0.084,0.1484,0,3,-3.3272,0.3932,0.0,False
28.975,0.0811,0.2421,0,3,-3.3272,0.3932,0.0,False
28.9833,0.1875,0.1296,0,3,-3.3272,0.3932,0.0,False
28.991300000000003,0.0853,0.2047,0,3,-3.3272,0.3932,0.0,False
28.999700000000004,0.0673,0.2056,0,3,-3.3272,0.3932,0.0,False
29.008200000000002,0.0921,0.1967,0,3,-3.3272,0.3932,0.0,False
29.0163,0.202,0.2537,0,3,-3.3272,0.3932,0.0,False
29.024700000000003,0.1645,0.1899,0,3,-3.3272,0.3932,0.0,False
29.033100000000005,0.1633,0.1807,0,3,-3.3272,0.3932,0.0,False
29.0415,0.1344,0.0322,0,3,-3.3272,0.3932,0.0,False
29.0499,0.0318,0.0273,0,3,-3.3272,0.3932,0.0,False
29.058,0.1407,0.3466,0,3,-3.3272,0.3932,0.0,False
29.066300000000005,0.1087,0.203,0,3,-3.3272,0.3932,0.0,False
29.0747,0.1085,0.2832,0,3,-3.3272,0.3932,0.0,False
29.083200000000005,-0.0288,0.3067,0,3,-3.3272,0.3932,0.0,False
29.091300000000004,-0.128,0.1718,0,3,-3.3272,0.3932,0.0,False
29.0997,-0.0145,0.3198,0,3,-3.3272,0.3932,0.0,False
29.1083,0.0281,0.0096,0,3,-3.3272,0.3932,0.0,False
29.116300000000003,-0.0956,0.2071,0,3,-3.3272,0.3932,0.0,False
29.124700000000004,-0.037,0.0919,0,3,-3.3272,0.3932,0.0,False
29.133000000000003,-0.0121,-0.0166,0,3,-3.3272,0.3932,0.0,False
29.141400000000004,-0.0727,0.0906,0,3,-3.3272,0.3932,0.0,False
29.149700000000003,-0.0597,0.0371,0,3,-3.3272,0.3932,0.0,False
29.158,-0.0471,-0.0137,0,3,-3.3272,0.3932,0.0,False
29.1663,-0.0849,0.001,0,3,-3.3272,0.3932,0.0,False
29.1747,-0.0375,-0.1316,0,3,-3.3272,0.3932,0.0,False
29.183,-0.0096,-0.0241,0,3,-3.3272,0.3932,0.0,False
29.191300000000005,-0.0057,-0.0805,0,3,-3.3272,0.3932,0.0,False
29.1997,-0.032,-0.0408,0,3,-3.3272,0.3932,0.0,False
29.2083,-0.0873,-0.0715,0,3,-3.3272,0.3932,0.0,False
29.216300000000004,-0.0484,-0.1637,0,3,-3.3272,0.3932,0.0,False
29.2247,0.0289,-0.2784,0,3,-3.3272,0.3932,0.0,False
29.2331,0.0779,-0.2861,0,3,-3.3272,0.3932,0.0,False
29.241600000000005,-0.0926,-0.3285,0,3,-3.3272,0.3932,0.0,False
29.249700000000004,-0.0148,-0.1546,0,3,-3.3272,0.3932,0.0,False
29.258000000000003,-0.1912,-0.1452,0,3,-3.3272,0.3932,0.0,False
29.2663,-0.2421,-0.1076,0,3,-3.3272,0.3932,0.0,False
29.2748,0.0214,-0.1793,0,3,-3.3272,0.3932,0.0,False
29.283,0.0057,-0.1684,0,3,-3.3272,0.3932,0.0,False
29.2913,-0.025,-0.0612,0,3,-3.3272,0.3932,0.0,False
29.2997,0.0009,-0.1384,0,3,-3.3272,0.3932,0.0,False
29.308100000000003,-0.1871,0.0082,0,3,-3.3272,0.3932,0.0,False
29.316300000000005,-0.0048,-0.0559,0,3,-3.3272,0.3932,0.0,False
29.3247,-0.0118,-0.2162,0,3,-3.3272,0.3932,0.0,False
29.333,-0.0035,-0.0698,0,3,-3.3272,0.3932,0.0,False
29.3416,-0.0263,-0.1095,0,3,-3.3272,0.3932,0.0,False
29.349900000000005,-0.1109,0.0381,0,3,-3.3272,0.3932,0.0,False
29.3581,-0.1731,0.1445,0,3,-3.3272,0.3932,0.0,False
29.366300000000003,0.1688,-0.0993,0,3,-3.3272,0.3932,0.0,False
29.3748,-0.0637,0.0803,0,3,-3.3272,0.3932,0.0,False
29.3831,0.0799,0.0774,0,3,-3.3272,0.3932,0.0,False
29.3913,0.1196,-0.0088,0,3,-3.3272,0.3932,0.0,False
29.399700000000003,-0.1624,-0.0174,0,3,-3.3272,0.3932,0.0,False
29.4082,0.0064,0.0155,0,3,-3.3272,0.3932,0.0,False
29.4163,0.1744,-0.1197,0,3,-3.3272,0.3932,0.0,False
29.4247,-0.1481,0.0595,0,3,-3.3272,0.3932,0.0,False
29.4332,-0.103,-0.0846,0,3,-3.3272,0.3932,0.0,False
29.4416,0.1626,-0.0072,0,3,-3.3272,0.3932,0.0,False
29.4497,-0.1067,-0.0366,0,3,-3.3272,0.3932,0.0,False
29.458,-0.1401,0.0295,0,3,-3.3272,0.3932,0.0,False
29.466300000000004,-0.0971,-0.0834,0,3,-3.3272,0.3932,0.0,False
29.474900000000005,-0.0071,-0.2015,0,3,-3.3272,0.3932,0.0,False
29.4831,-0.0202,0.0835,0,3,-3.3272,0.3932,0.0,False
29.491300000000003,0.1432,-0.1003,0,3,-3.3272,0.3932,0.0,False
29.4998,0.0427,-0.0946,0,3,-3.3272,0.3932,0.0,False
30.3247,0.1112,0.523,-6,6,-3.3272,0.3932,0.0,False
30.332900000000002,0.0578,0.5302,-6,6,-3.3272,0.3932,0.0,False
30.341300000000004,0.2233,0.38,-6,6,-3.3272,0.3932,0.0,False
30.3497,0.083,0.4665,-6,6,-3.3272,0.3932,0.0,False
30.358000000000004,0.0275,0.5689,-6,6,-3.3272,0.3932,0.0,False
30.366300000000003,-0.0376,0.5936,-6,6,-3.3272,0.3932,0.0,False
30.374700000000004,-0.078,0.6086,-6,6,-3.3272,0.3932,0.0,False
30.3831,-0.137,0.6338,-6,6,-3.3272,0.3932,0.0,False
30.3913,-0.0863,0.6246,-6,6,-3.3272,0.3932,0.0,False
30.399700000000003,-0.0247,0.6438,-6,6,-3.3272,0.3932,0.0,False
30.407900000000005,-0.0274,0.6707,-6,6,-3.3272,0.3932,0.0,False
30.4163,0.0302,0.5015,-6,6,-3.3272,0.3932,0.0,False
30.4247,0.0247,0.4908,-6,6,-3.3272,0.3932,0.0,False
30.4332,-0.0032,0.4958,-6,6,-3.3272,0.3932,0.0,False
30.441300000000005,0.1084,0.496,-6,6,-3.3272,0.3932,0.0,False
30.4497,0.1094,0.496,-6,6,-3.3272,0.3932,0.0,False
30.457900000000002,0.1304,0.6163,-6,6,-3.3272,0.3932,0.0,False
30.466500000000003,0.0422,0.6122,-6,6,-3.3272,0.3932,0.0,False
30.474800000000002,0.2041,0.5405,-6,6,-3.3272,0.3932,0.0,False
30.4829,0.08,0.6441,-6,6,-3.3272,0.3932,0.0,False
30.491300000000003,0.0425,0.6018,-6,6,-3.3272,0.3932,0.0,False
30.499700000000004,0.1811,0.612,-6,6,-3.3272,0.3932,0.0,False
30.5079,0.1759,0.6674,-6,6,-3.3272,0.3932,0.0,False
30.5165,0.0677,0.56,-6,6,-3.3272,0.3932,0.0,False
30.524700000000003,0.1873,0.5498,-6,6,-3.3272,0.3932,0.0,False
30.533,0.0681,0.5264,-6,6,-3.3272,0.3932,0.0,False
30.5413,0.1553,0.5135,-6,6,-3.3272,0.3932,0.0,False
30.5497,0.0465,0.5055,-6,6,-3.3272,0.3932,0.0,False
30.557900000000004,0.1549,0.5235,-6,6,-3.3272,0.3932,0.0,False
30.566500000000005,0.1389,0.3297,-6,6,-3.3272,0.3932,0.0,False
30.5749,0.1675,0.5389,-6,6,-3.3272,0.3932,0.0,False
30.582900000000002,0.2506,0.5146,-6,6,-3.3272,0.3932,0.0,False
30.591300000000004,0.2103,0.3892,-6,6,-3.3272,0.3932,0.0,False
30.5997,0.1547,0.5511,-6,6,-3.3272,0.3932,0.0,False
30.6079,0.2069,0.582,-6,6,-3.3272,0.3932,0.0,False
30.616300000000003,0.0303,0.5505,-6,6,-3.3272,0.3932,0.0,False
30.624700000000004,0.1155,0.5796,-6,6,-3.3272,0.3932,0.0,False
30.633000000000003,0.1648,0.5765,-6,6,-3.3272,0.3932,0.0,False
30.6413,0.0438,0.594,-6,6,-3.3272,0.3932,0.0,False
30.649700000000003,-0.0007,0.5946,-6,6,-3.3272,0.3932,0.0,False
30.657900000000005,0.1404,0.4232,-6,6,-3.3272,0.3932,0.0,False
30.666400000000003,0.0373,0.5533,-6,6,-3.3272,0.3932,0.0,False
30.6747,-0.0166,0.5406,-6,6,-3.3272,0.3932,0.0,False
30.683,-0.0545,0.5579,-6,6,-3.3272,0.3932,0.0,False
30.691300000000005,-0.0043,0.55,-6,6,-3.3272,0.3932,0.0,False
30.6997,-0.0048,0.4532,-6,6,-3.3272,0.3932,0.0,False
30.7083,-0.0813,0.4521,-6,6,-3.3272,0.3932,0.0,False
30.716300000000004,-0.0579,0.4744,-6,6,-3.3272,0.3932,0.0,False
30.7247,-0.0668,0.5493,-6,6,-3.3272,0.3932,0.0,False
30.7329,0.0224,0.5086,-6,6,-3.3272,0.3932,0.0,False
30.741300000000003,-0.0439,0.5239,-6,6,-3.3272,0.3932,0.0,False
30.749700000000004,0.0025,0.2979,-6,6,-3.3272,0.3932,0.0,False
30.758000000000003,0.0786,0.3206,-6,6,-3.3272,0.3932,0.0,False
30.7663,-0.0809,0.4264,-6,6,-3.3272,0.3932,0.0,False
30.774700000000003,-0.0675,0.5219,-6,6,-3.3272,0.3932,0.0,False
30.783100000000005,-0.1851,0.498,-6,6,-3.3272,0.3932,0.0,False
30.7913,-0.077,0.4892,-6,6,-3.3272,0.3932,0.0,False
30.7999,-0.1277,0.5869,-6,6,-3.3272,0.3932,0.0,False
30.807900000000004,-0.1153,0.5012,-6,6,-3.3272,0.3932,0.0,False
30.816300000000005,-0.1048,0.6038,-6,6,-3.3272,0.3932,0.0,False
30.8247,0.0247,0.648,-6,6,-3.3272,0.3932,0.0,False
30.832900000000002,-0.0273,0.6713,-6,6,-3.3272,0.3932,0.0,False
30.841300000000004,-0.1296,0.7531,-6,6,-3.3272,0.3932,0.0,False
30.8497,-0.206,0.6077,-6,6,-3.3272,0.3932,0.0,False
30.8579,-0.1698,0.6839,-6,6,-3.3272,0.3932,0.0,False
30.866300000000003,-0.2396,0.6072,-6,6,-3.3272,0.3932,0.0,False
30.874700000000004,-0.0634,0.8778,-6,6,-3.3272,0.3932,0.0,False
30.883000000000003,-0.0266,0.7636,-6,6,-3.3272,0.3932,0.0,False
30.8913,-0.1773,0.7046,-6,6,-3.3272,0.3932,0.0,False
30.899700000000003,-0.0391,0.6467,-6,6,-3.3272,0.3932,0.0,False
30.907900000000005,-0.0913,0.5584,-6,6,-3.3272,0.3932,0.0,False
30.9163,-0.1292,0.5641,-6,6,-3.3272,0.3932,0.0,False
30.9247,-0.1691,0.5687,-6,6,-3.3272,0.3932,0.0,False
30.933100000000003,-0.2319,0.6489,-6,6,-3.3272,0.3932,0.0,False
30.941300000000005,-0.1935,0.5237,-6,6,-3.3272,0.3932,0.0,False
30.9497,-0.205,0.5889,-6,6,-3.3272,0.3932,0.0,False
30.957900000000002,-0.3345,0.585,-6,6,-3.3272,0.3932,0.0,False
30.966500000000003,-0.2976,0.5788,-6,6,-3.3272,0.3932,0.0,False
30.974800000000002,-0.2735,0.6436,-6,6,-3.3272,0.3932,0.0,False
30.9829,-0.2509,0.5195,-6,6,-3.3272,0.3932,0.0,False
30.991300000000003,-0.2203,0.5329,-6,6,-3.3272,0.3932,0.0,False
30.999700000000004,-0.365,0.5382,-6,6,-3.3272,0.3932,0.0,False
31.0079,-0.1855,0.6494,-6,6,-3.3272,0.3932,0.0,False
31.0163,-0.3297,0.6414,-6,6,-3.3272,0.3932,0.0,False
31.024700000000003,-0.3513,0.6294,-6,6,-3.3272,0.3932,0.0,False
31.032900000000005,-0.1885,0.5883,-6,6,-3.3272,0.3932,0.0,False
31.0413,-0.2661,0.5715,-6,6,-3.3272,0.3932,0.0,False
31.0497,-0.2613,0.6676,-6,6,-3.3272,0.3932,0.0,False
31.057900000000004,-0.1067,0.6474,-6,6,-3.3272,0.3932,0.0,False
31.0664,-0.28,0.5166,-6,6,-3.3272,0.3932,0.0,False
31.0747,-0.15,0.5423,-6,6,-3.3272,0.3932,0.0,False
31.082900000000002,-0.2683,0.5996,-6,6,-3.3272,0.3932,0.0,False
31.091300000000004,-0.2409,0.5002,-6,6,-3.3272,0.3932,0.0,False
31.0997,-0.2717,0.51,-6,6,-3.3272,0.3932,0.0,False
31.108000000000004,-0.2758,0.4706,-6,6,-3.3272,0.3932,0.0,False
31.116300000000003,-0.1397,0.5177,-6,6,-3.3272,0.3932,0.0,False
31.124700000000004,-0.3253,0.5546,-6,6,-3.3272,0.3932,0.0,False
31.1329,-0.3613,0.5753,-6,6,-3.3272,0.3932,0.0,False
31.1415,-0.2048,0.5022,-6,6,-3.3272,0.3932,0.0,False
31.149700000000003,-0.3322,0.6266,-6,6,-3.3272,0.3932,0.0,False
31.157900000000005,-0.1049,0.6549,-6,6,-3.3272,0.3932,0.0,False
31.1665,-0.2311,0.5571,-6,6,-3.3272,0.3932,0.0,False
31.175000000000004,-0.2407,0.609,-6,6,-3.3272,0.3932,0.0,False
31.182900000000004,-0.4433,0.6563,-6,6,-3.3272,0.3932,0.0,False
31.191300000000005,-0.4694,0.5409,-6,6,-3.3272,0.3932,0.0,False
31.1999,-0.3088,0.5747,-6,6,-3.3272,0.3932,0.0,False
31.207900000000002,-0.1938,0.6902,-6,6,-3.3272,0.3932,0.0,False
31.2164,-0.1083,0.5867,-6,6,-3.3272,0.3932,0.0,False
31.2247,-0.3836,0.6659,-6,6,-3.3272,0.3932,0.0,False
31.2329,-0.3652,0.6315,-6,6,-3.3272,0.3932,0.0,False
31.241500000000002,-0.3246,0.6225,-6,6,-3.3272,0.3932,0.0,False
31.249700000000004,-0.2759,0.6005,-6,6,-3.3272,0.3932,0.0,False
31.2579,-0.3506,0.5835,-6,6,-3.3272,0.3932,0.0,False
31.2663,-0.381,0.5409,-6,6,-3.3272,0.3932,0.0,False
31.2748,-0.2886,0.6231,-6,6,-3.3272,0.3932,0.0,False
31.282900000000005,-0.0861,0.5859,-6,6,-3.3272,0.3932,0.0,False
31.291400000000003,-0.2117,0.6143,-6,6,-3.3272,0.3932,0.0,False
31.2997,-0.3565,0.6392,-6,6,-3.3272,0.3932,0.0,False
32.1248,-0.5071,-0.9331,3,-6,-3.3272,0.3932,0.0,False
32.1331,-0.8269,-1.1231,3,-6,-3.3272,0.3932,0.0,False
32.141600000000004,-0.6759,-0.9918,3,-6,-3.3272,0.3932,0.0,False
32.1497,-0.7879,-1.0403,3,-6,-3.3272,0.3932,0.0,False
32.157900000000005,-0.6014,-0.8262,3,-6,-3.3272,0.3932,0.0,False
32.1663,-0.5085,-0.6697,3,-6,-3.3272,0.3932,0.0,False
32.1749,-0.2317,-0.87,3,-6,-3.3272,0.3932,0.0,False
32.182900000000004,-0.5685,-0.6748,3,-6,-3.3272,0.3932,0.0,False
32.191300000000005,-0.5559,-0.8118,3,-6,-3.3272,0.3932,0.0,False
32.1998,-0.3595,-0.9119,3,-6,-3.3272,0.3932,0.0,False
32.2079,-0.4808,-1.1421,3,-6,-3.3272,0.3932,0.0,False
32.2165,-0.2685,-1.1603,3,-6,-3.3272,0.3932,0.0,False
32.2248,-0.2069,-1.1222,3,-6,-3.3272,0.3932,0.0,False
32.2329,-0.6093,-0.818,3,-6,-3.3272,0.3932,0.0,False
32.2414,-0.4305,-0.8634,3,-6,-3.3272,0.3932,0.0,False
32.249700000000004,-0.6611,-0.8809,3,-6,-3.3272,0.3932,0.0,False
32.258,-0.5921,-1.2321,3,-6,-3.3272,0.3932,0.0,False
32.2663,-0.7757,-0.7464,3,-6,-3.3272,0.3932,0.0,False
32.2747,-0.7312,-0.9334,3,-6,-3.3272,0.3932,0.0,False
32.282900000000005,-0.5378,-0.7167,3,-6,-3.3272,0.3932,0.0,False
32.2913,-0.4643,-0.9785,3,-6,-3.3272,0.3932,0.0,False
32.2997,-0.687,-0.8604,3,-6,-3.3272,0.3932,0.0,False
32.3083,-0.6495,-1.0422,3,-6,-3.3272,0.3932,0.0,False
32.316300000000005,-0.3145,-0.9675,3,-6,-3.3272,0.3932,0.0,False
32.3247,-0.3923,-1.0578,3,-6,-3.3272,0.3932,0.0,False
32.333,-0.3006,-1.1335,3,-6,-3.3272,0.3932,0.0,False
32.341300000000004,-0.3398,-1.0768,3,-6,-3.3272,0.3932,0.0,False
32.3497,-0.3209,-0.8657,3,-6,-3.3272,0.3932,0.0,False
32.3579,-0.074,-1.0559,3,-6,-3.3272,0.3932,0.0,False
32.3663,-0.3484,-1.041,3,-6,-3.3272,0.3932,0.0,False
32.375,-0.3676,-1.0379,3,-6,-3.3272,0.3932,0.0,False
32.3829,-0.1465,-1.152,3,-6,-3.3272,0.3932,0.0,False
32.3913,-0.1373,-1.046,3,-6,-3.3272,0.3932,0.0,False
32.3997,-0.2771,-0.91,3,-6,-3.3272,0.3932,0.0,False
32.407900000000005,-0.2076,-1.1318,3,-6,-3.3272,0.3932,0.0,False
32.4163,-0.1652,-1.0395,3,-6,-3.3272,0.3932,0.0,False
32.4247,-0.2772,-1.0399,3,-6,-3.3272,0.3932,0.0,False
32.432900000000004,-0.5501,-1.1964,3,-6,-3.3272,0.3932,0.0,False
32.4416,-0.465,-1.3408,3,-6,-3.3272,0.3932,0.0,False
32.4497,-0.4314,-1.345,3,-6,-3.3272,0.3932,0.0,False
32.4579,-0.8783,-1.0518,3,-6,-3.3272,0.3932,0.0,False
32.466300000000004,-0.602,-0.8798,3,-6,-3.3272,0.3932,0.0,False
32.4748,-0.5598,-0.983,3,-6,-3.3272,0.3932,0.0,False
32.4829,-0.5992,-1.1374,3,-6,-3.3272,0.3932,0.0,False
32.4913,-0.5264,-1.2535,3,-6,-3.3272,0.3932,0.0,False
32.499700000000004,-0.6681,-1.3848,3,-6,-3.3272,0.3932,0.0,False
32.5084,-0.5873,-1.2135,3,-6,-3.3272,0.3932,0.0,False
32.5165,-0.6534,-1.0577,3,-6,-3.3272,0.3932,0.0,False
32.5247,-0.6607,-1.1866,3,-6,-3.3272,0.3932,0.0,False
32.532900000000005,-0.6843,-1.3074,3,-6,-3.3272,0.3932,0.0,False
32.5413,-0.9274,-1.1855,3,-6,-3.3272,0.3932,0.0,False
32.5497,-0.6283,-1.1764,3,-6,-3.3272,0.3932,0.0,False
32.557900000000004,-0.9439,-0.9492,3,-6,-3.3272,0.3932,0.0,False
32.566300000000005,-0.7354,-1.2215,3,-6,-3.3272,0.3932,0.0,False
32.5748,-0.9681,-1.3354,3,-6,-3.3272,0.3932,0.0,False
32.5829,-0.9817,-1.1513,3,-6,-3.3272,0.3932,0.0,False
32.591300000000004,-0.7985,-1.4446,3,-6,-3.3272,0.3932,0.0,False
32.5998,-0.924,-1.3178,3,-6,-3.3272,0.3932,0.0,False
32.6079,-0.6577,-1.4206,3,-6,-3.3272,0.3932,0.0,False
32.6163,-0.8166,-1.427,3,-6,-3.3272,0.3932,0.0,False
32.6248,-0.9499,-1.428,3,-6,-3.3272,0.3932,0.0,False
32.6329,-0.9384,-1.2494,3,-6,-3.3272,0.3932,0.0,False
32.6413,-1.0935,-1.2583,3,-6,-3.3272,0.3932,0.0,False
32.6497,-0.9301,-1.2678,3,-6,-3.3272,0.3932,0.0,False
32.657900000000005,-1.1536,-0.9954,3,-6,-3.3272,0.3932,0.0,False
32.6663,-0.9724,-0.9047,3,-6,-3.3272,0.3932,0.0,False
32.675000000000004,-1.0969,-0.7909,3,-6,-3.3272,0.3932,0.0,False
32.682900000000004,-0.8758,-0.8959,3,-6,-3.3272,0.3932,0.0,False
32.691300000000005,-0.8578,-1.0609,3,-6,-3.3272,0.3932,0.0,False
32.6997,-1.1087,-0.8551,3,-6,-3.3272,0.3932,0.0,False
32.708200000000005,-0.9494,-0.8532,3,-6,-3.3272,0.3932,0.0,False
32.7164,-1.0428,-0.7992,3,-6,-3.3272,0.3932,0.0,False
32.7247,-0.886,-0.8711,3,-6,-3.3272,0.3932,0.0,False
32.7329,-0.5138,-0.9065,3,-6,-3.3272,0.3932,0.0,False
32.7414,-0.7288,-0.8231,3,-6,-3.3272,0.3932,0.0,False
32.7498,-0.8333,-0.9124,3,-6,-3.3272,0.3932,0.0,False
32.7579,-0.7021,-0.9924,3,-6,-3.3272,0.3932,0.0,False
32.766400000000004,-0.6161,-0.8524,3,-6,-3.3272,0.3932,0.0,False
32.775,-0.879,-0.9494,3,-6,-3.3272,0.3932,0.0,False
32.782900000000005,-0.8659,-0.9283,3,-6,-3.3272,0.3932,0.0,False
32.7913,-0.7391,-0.7995,3,-6,-3.3272,0.3932,0.0,False
32.799800000000005,-0.7785,-0.7657,3,-6,-3.3272,0.3932,0.0,False
32.8082,-0.5967,-0.923,3,-6,-3.3272,0.3932,0.0,False
32.816300000000005,-0.7047,-0.8144,3,-6,-3.3272,0.3932,0.0,False
32.8247,-0.7266,-0.6035,3,-6,-3.3272,0.3932,0.0,False
32.8329,-0.761,-0.588,3,-6,-3.3272,0.3932,0.0,False
32.8415,-0.7188,-0.8945,3,-6,-3.3272,0.3932,0.0,False
32.8497,-0.7454,-0.8339,3,-6,-3.3272,0.3932,0.0,False
32.8579,-0.7462,-0.8908,3,-6,-3.3272,0.3932,0.0,False
32.8665,-0.9887,-0.6888,3,-6,-3.3272,0.3932,0.0,False
32.8748,-0.4006,-0.6066,3,-6,-3.3272,0.3932,0.0,False
32.8829,-0.6067,-0.7601,3,-6,-3.3272,0.3932,0.0,False
32.8913,-0.6234,-0.7053,3,-6,-3.3272,0.3932,0.0,False
32.8997,-0.7074,-0.5954,3,-6,-3.3272,0.3932,0.0,False
32.908100000000005,-0.7926,-0.5864,3,-6,-3.3272,0.3932,0.0,False
32.9164,-0.6694,-0.5797,3,-6,-3.3272,0.3932,0.0,False
32.9247,-0.7301,-0.4806,3,-6,-3.3272,0.3932,0.0,False
32.932900000000004,-0.6427,-0.5303,3,-6,-3.3272,0.3932,0.0,False
32.941500000000005,-0.4928,-0.5324,3,-6,-3.3272,0.3932,0.0,False
32.9497,-0.6909,-0.5552,3,-6,-3.3272,0.3932,0.0,False
32.9579,-0.6433,-0.4064,3,-6,-3.3272,0.3932,0.0,False
32.966300000000004,-0.6602,-0.2428,3,-6,-3.3272,0.3932,0.0,False
32.9747,-0.5869,-0.2752,3,-6,-3.3272,0.3932,0.0,False
32.9829,-0.4785,-0.4565,3,-6,-3.3272,0.3932,0.0,False
32.9913,-0.7295,-0.3856,3,-6,-3.3272,0.3932,0.0,False
32.999700000000004,-0.6839,-0.3269,3,-6,-3.3272,0.3932,0.0,False
33.0083,-0.4919,-0.461,3,-6,-3.3272,0.3932,0.0,False
33.0163,-0.6901,-0.4132,3,-6,-3.3272,0.3932,0.0,False
33.0247,-0.7167,-0.3324,3,-6,-3.3272,0.3932,0.0,False
33.032900000000005,-0.5823,-0.5495,3,-6,-3.3272,0.3932,0.0,False
33.0413,-0.7917,-0.6803,3,-6,-3.3272,0.3932,0.0,False
33.0497,-0.8654,-0.7092,3,-6,-3.3272,0.3932,0.0,False
33.057900000000004,-0.56,-0.1958,3,-6,-3.3272,0.3932,0.0,False
33.066500000000005,-0.7226,-0.4567,3,-6,-3.3272,0.3932,0.0,False
33.075,-0.9369,-0.4585,3,-6,-3.3272,0.3932,0.0,False
33.0829,-0.9781,-0.6137,3,-6,-3.3272,0.3932,0.0,False
33.091300000000004,-0.6415,-0.2922,3,-6,-3.3272,0.3932,0.0,False
33.0998,-0.887,-0.6194,3,-6,-3.3272,0.3932,0.0,False
33.1079,-0.6231,-0.3266,3,-6,-3.3272,0.3932,0.0,False
33.1163,-0.7411,-0.5896,3,-6,-3.3272,0.3932,0.0,False
33.124700000000004,-0.5787,-0.3209,3,-6,-3.3272,0.3932,0.0,False
33.1329,-0.8028,-0.6973,3,-6,-3.3272,0.3932,0.0,False
33.141600000000004,-0.7786,-0.6892,3,-6,-3.3272,0.3932,0.0,False
33.1497,-0.7903,-0.455,3,-6,-3.3272,0.3932,0.0,False
33.157900000000005,-0.8211,-0.6169,3,-6,-3.3272,0.3932,0.0,False
33.1663,-0.7338,-0.7908,3,-6,-3.3272,0.3932,0.0,False
33.1749,-0.8354,-0.5644,3,-6,-3.3272,0.3932,0.0,False
33.182900000000004,-0.8539,-0.4623,3,-6,-3.3272,0.3932,0.0,False
33.191300000000005,-0.7131,-0.7259,3,-6,-3.3272,0.3932,0.0,False
33.1998,-0.6658,-0.5429,3,-6,-3.3272,0.3932,0.0,False
33.2079,-1.0199,-0.5504,3,-6,-3.3272,0.3932,0.0,False
33.216300000000004,-0.8047,-0.5699,3,-6,-3.3272,0.3932,0.0,False
33.2247,-0.7532,-0.6844,3,-6,-3.3272,0.3932,0.0,False
33.2329,-0.9494,-0.7111,3,-6,-3.3272,0.3932,0.0,False
33.2415,-0.6952,-0.6376,3,-6,-3.3272,0.3932,0.0,False
33.249700000000004,-0.8659,-0.7192,3,-6,-3.3272,0.3932,0.0,False
33.2579,-0.6422,-0.7256,3,-6,-3.3272,0.3932,0.0,False
33.2663,-0.711,-0.7405,3,-6,-3.3272,0.3932,0.0,False
33.2748,-0.7704,-0.5451,3,-6,-3.3272,0.3932,0.0,False
33.282900000000005,-0.9493,-0.7369,3,-6,-3.3272,0.3932,0.0,False
33.2913,-0.8963,-0.6748,3,-6,-3.3272,0.3932,0.0,False
33.2997,-0.7484,-0.7323,3,-6,-3.3272,0.3932,0.0,False
33.3082,-0.7491,-0.8394,3,-6,-3.3272,0.3932,0.0,False
33.316300000000005,-0.6225,-0.8103,3,-6,-3.3272,0.3932,0.0,False
33.3247,-0.762,-0.7013,3,-6,-3.3272,0.3932,0.0,False
33.3329,-0.598,-0.8669,3,-6,-3.3272,0.3932,0.0,False
33.3414,-0.7068,-1.0578,3,-6,-3.3272,0.3932,0.0,False
33.3497,-0.6164,-0.6148,3,-6,-3.3272,0.3932,0.0,False
33.3579,-0.6129,-0.781,3,-6,-3.3272,0.3932,0.0,False
33.3663,-0.506,-0.8702,3,-6,-3.3272,0.3932,0.0,False
33.374900000000004,-0.5747,-0.7868,3,-6,-3.3272,0.3932,0.0,False
33.3829,-0.5146,-0.9176,3,-6,-3.3272,0.3932,0.0,False
33.3913,-0.563,-0.8949,3,-6,-3.3272,0.3932,0.0,False
33.3997,-0.6533,-0.9677,3,-6,-3.3272,0.3932,0.0,False
33.407900000000005,-0.5326,-0.6378,3,-6,-3.3272,0.3932,0.0,False
33.4164,-0.5795,-0.7614,3,-6,-3.3272,0.3932,0.0,False
33.4247,-0.6062,-0.7658,3,-6,-3.3272,0.3932,0.0,False
33.433,-0.5821,-0.8883,3,-6,-3.3272,0.3932,0.0,False
33.441300000000005,-0.7006,-0.6694,3,-6,-3.3272,0.3932,0.0,False
33.4497,-0.7709,-0.71,3,-6,-3.3272,0.3932,0.0,False
33.4579,-0.7167,-0.8177,3,-6,-3.3272,0.3932,0.0,False
33.466300000000004,-0.4864,-0.6905,3,-6,-3.3272,0.3932,0.0,False
33.4748,-0.7598,-0.8376,3,-6,-3.3272,0.3932,0.0,False
33.483000000000004,-0.7608,-0.831,3,-6,-3.3272,0.3932,0.0,False
33.4913,-0.7517,-0.7778,3,-6,-3.3272,0.3932,0.0,False
33.4998,-0.7125,-0.8657,3,-6,-3.3272,0.3932,0.0,False
33.508,-0.8815,-0.8359,3,-6,-3.3272,0.3932,0.0,False
33.5163,-0.5639,-0.9471,3,-6,-3.3272,0.3932,0.0,False
33.5247,-0.7373,-1.0456,3,-6,-3.3272,0.3932,0.0,False
33.532900000000005,-0.599,-0.9133,3,-6,-3.3272,0.3932,0.0,False
33.5414,-0.6561,-0.795,3,-6,-3.3272,0.3932,0.0,False
33.5497,-0.6965,-0.8889,3,-6,-3.3272,0.3932,0.0,False
33.557900000000004,-0.6681,-0.9345,3,-6,-3.3272,0.3932,0.0,False
33.566500000000005,-0.8209,-0.9506,3,-6,-3.3272,0.3932,0.0,False
33.5748,-0.7779,-0.9676,3,-6,-3.3272,0.3932,0.0,False
33.5829,-0.7799,-1.0987,3,-6,-3.3272,0.3932,0.0,False
33.591300000000004,-0.6567,-1.1312,3,-6,-3.3272,0.3932,0.0,False
34.4165,1.823,-1.3057,-3,-6,-3.3272,0.3932,0.0,False
34.4247,1.5842,-1.2506,-3,-6,-3.3272,0.3932,0.0,False
34.433,1.7426,-1.2121,-3,-6,-3.3272,0.3932,0.0,False
34.4416,1.8475,-1.3147,-3,-6,-3.3272,0.3932,0.0,False
34.4499,1.6618,-1.1426,-3,-6,-3.3272,0.3932,0.0,False
34.458,1.6029,-1.3666,-3,-6,-3.3272,0.3932,0.0,False
34.466300000000004,2.1249,-1.2455,-3,-6,-3.3272,0.3932,0.0,False
34.474900000000005,2.0182,-1.2833,-3,-6,-3.3272,0.3932,0.0,False
34.483000000000004,2.027,-1.35,-3,-6,-3.3272,0.3932,0.0,False
34.4913,1.9482,-1.3441,-3,-6,-3.3272,0.3932,0.0,False
34.499700000000004,1.5948,-1.0095,-3,-6,-3.3272,0.3932,0.0,False
34.5082,1.8366,-1.0438,-3,-6,-3.3272,0.3932,0.0,False
34.5163,1.8973,-1.1793,-3,-6,-3.3272,0.3932,0.0,False
34.5247,1.9968,-1.1436,-3,-6,-3.3272,0.3932,0.0,False
34.533,1.7235,-0.8419,-3,-6,-3.3272,0.3932,0.0,False
34.5415,1.7796,-1.223,-3,-6,-3.3272,0.3932,0.0,False
34.5497,1.8931,-1.119,-3,-6,-3.3272,0.3932,0.0,False
34.558,1.911,-0.9566,-3,-6,-3.3272,0.3932,0.0,False
34.566300000000005,1.9531,-1.1138,-3,-6,-3.3272,0.3932,0.0,False
34.5747,1.693,-0.8358,-3,-6,-3.3272,0.3932,0.0,False
34.583,2.0939,-1.1171,-3,-6,-3.3272,0.3932,0.0,False
34.591300000000004,1.8805,-1.1256,-3,-6,-3.3272,0.3932,0.0,False
34.5997,1.4904,-0.7839,-3,-6,-3.3272,0.3932,0.0,False
34.608000000000004,2.0567,-0.8767,-3,-6,-3.3272,0.3932,0.0,False
34.6163,1.7656,-1.3409,-3,-6,-3.3272,0.3932,0.0,False
34.624700000000004,1.9007,-0.8782,-3,-6,-3.3272,0.3932,0.0,False
34.633,1.9282,-0.9532,-3,-6,-3.3272,0.3932,0.0,False
34.6415,1.5687,-0.9259,-3,-6,-3.3272,0.3932,0.0,False
34.6497,1.6134,-1.1528,-3,-6,-3.3272,0.3932,0.0,False
34.658,1.4396,-0.8023,-3,-6,-3.3272,0.3932,0.0,False
34.6663,1.0068,-0.8603,-3,-6,-3.3272,0.3932,0.0,False
34.675000000000004,1.5765,-0.9495,-3,-6,-3.3272,0.3932,0.0,False
34.683,1.2592,-1.0183,-3,-6,-3.3272,0.3932,0.0,False
34.691300000000005,0.8927,-0.5928,-3,-6,-3.3272,0.3932,0.0,False
34.6997,1.2228,-0.7845,-3,-6,-3.3272,0.3932,0.0,False
34.7083,1.1578,-0.2818,-3,-6,-3.3272,0.3932,0.0,False
34.7164,1.3731,-0.8756,-3,-6,-3.3272,0.3932,0.0,False
34.7246,0.8421,-0.7316,-3,-6,-3.3272,0.3932,0.0,False
34.733000000000004,0.9019,-0.8609,-3,-6,-3.3272,0.3932,0.0,False
34.7414,1.1967,-0.5783,-3,-6,-3.3272,0.3932,0.0,False
34.7498,1.1267,-0.7655,-3,-6,-3.3272,0.3932,0.0,False
34.758,1.2389,-0.9102,-3,-6,-3.3272,0.3932,0.0,False
34.7663,1.2041,-0.7071,-3,-6,-3.3272,0.3932,0.0,False
34.7748,1.174,-0.7181,-3,-6,-3.3272,0.3932,0.0,False
34.783,1.1589,-0.9885,-3,-6,-3.3272,0.3932,0.0,False
34.7913,1.2393,-0.7773,-3,-6,-3.3272,0.3932,0.0,False
34.799600000000005,0.7271,-1.2876,-3,-6,-3.3272,0.3932,0.0,False
34.8082,0.945,-1.0831,-3,-6,-3.3272,0.3932,0.0,False
34.816300000000005,1.608,-1.395,-3,-6,-3.3272,0.3932,0.0,False
34.824600000000004,1.1498,-1.226,-3,-6,-3.3272,0.3932,0.0,False
34.833,1.2953,-1.4786,-3,-6,-3.3272,0.3932,0.0,False
34.8415,1.1242,-1.4165,-3,-6,-3.3272,0.3932,0.0,False
34.8498,1.1516,-1.1227,-3,-6,-3.3272,0.3932,0.0,False
34.858000000000004,1.267,-1.5834,-3,-6,-3.3272,0.3932,0.0,False
34.8665,1.2524,-1.0919,-3,-6,-3.3272,0.3932,0.0,False
34.8748,0.904,-1.0419,-3,-6,-3.3272,0.3932,0.0,False
34.8831,1.2043,-0.8738,-3,-6,-3.3272,0.3932,0.0,False
34.8913,1.2289,-0.7175,-3,-6,-3.3272,0.3932,0.0,False
34.8997,0.8088,-0.5804,-3,-6,-3.3272,0.3932,0.0,False
34.908100000000005,1.174,-0.6004,-3,-6,-3.3272,0.3932,0.0,False
34.9163,0.9556,-0.7075,-3,-6,-3.3272,0.3932,0.0,False
34.9247,0.7189,-0.7703,-3,-6,-3.3272,0.3932,0.0,False
34.9331,0.9505,-0.8136,-3,-6,-3.3272,0.3932,0.0,False
34.941500000000005,1.1176,-0.9031,-3,-6,-3.3272,0.3932,0.0,False
34.949600000000004,1.048,-0.7534,-3,-6,-3.3272,0.3932,0.0,False
34.958,0.6296,-0.8336,-3,-6,-3.3272,0.3932,0.0,False
34.9664,1.0919,-0.8928,-3,-6,-3.3272,0.3932,0.0,False
34.974900000000005,0.9483,-0.7994,-3,-6,-3.3272,0.3932,0.0,False
34.983000000000004,1.1533,-0.5334,-3,-6,-3.3272,0.3932,0.0,False
34.9913,0.9942,-0.864,-3,-6,-3.3272,0.3932,0.0,False
34.9996,1.0878,-0.781,-3,-6,-3.3272,0.3932,0.0,False
35.0083,1.3518,-0.6894,-3,-6,-3.3272,0.3932,0.0,False
35.0163,1.1613,-0.6964,-3,-6,-3.3272,0.3932,0.0,False
35.0246,0.9438,-0.8257,-3,-6,-3.3272,0.3932,0.0,False
35.033,1.3191,-0.8804,-3,-6,-3.3272,0.3932,0.0,False
35.0416,1.469,-0.7287,-3,-6,-3.3272,0.3932,0.0,False
35.049800000000005,1.3005,-0.6844,-3,-6,-3.3272,0.3932,0.0,False
35.058,1.5546,-0.7785,-3,-6,-3.3272,0.3932,0.0,False
35.066500000000005,1.1598,-0.9095,-3,-6,-3.3272,0.3932,0.0,False
35.0749,1.0506,-0.8265,-3,-6,-3.3272,0.3932,0.0,False
35.083,1.0413,-0.8232,-3,-6,-3.3272,0.3932,0.0,False
35.091300000000004,1.4299,-0.6516,-3,-6,-3.3272,0.3932,0.0,False
35.0996,1.1698,-0.6207,-3,-6,-3.3272,0.3932,0.0,False
35.108200000000004,1.4111,-1.034,-3,-6,-3.3272,0.3932,0.0,False
35.1163,1.432,-0.748,-3,-6,-3.3272,0.3932,0.0,False
35.1246,1.2509,-0.6595,-3,-6,-3.3272,0.3932,0.0,False
35.1331,1.238,-1.0807,-3,-6,-3.3272,0.3932,0.0,False
35.1415,1.1416,-0.6429,-3,-6,-3.3272,0.3932,0.0,False
35.1498,1.3927,-1.2319,-3,-6,-3.3272,0.3932,0.0,False
35.158,1.3169,-1.4556,-3,-6,-3.3272,0.3932,0.0,False
35.1663,1.1326,-0.8214,-3,-6,-3.3272,0.3932,0.0,False
35.1747,1.2098,-1.2713,-3,-6,-3.3272,0.3932,0.0,False
35.1831,0.9791,-1.4617,-3,-6,-3.3272,0.3932,0.0,False
35.191300000000005,1.4754,-1.2918,-3,-6,-3.3272,0.3932,0.0,False
35.199600000000004,1.3684,-1.206,-3,-6,-3.3272,0.3932,0.0,False
35.2081,1.0883,-1.3718,-3,-6,-3.3272,0.3932,0.0,False
35.216300000000004,1.5909,-1.3505,-3,-6,-3.3272,0.3932,0.0,False
35.2246,0.9774,-1.0448,-3,-6,-3.3272,0.3932,0.0,False
35.233000000000004,0.8244,-0.5543,-3,-6,-3.3272,0.3932,0.0,False
35.2415,1.6549,-1.1181,-3,-6,-3.3272,0.3932,0.0,False
35.2496,1.5398,-1.3462,-3,-6,-3.3272,0.3932,0.0,False
35.258,1.1782,-1.2412,-3,-6,-3.3272,0.3932,0.0,False
35.2663,1.3043,-1.0356,-3,-6,-3.3272,0.3932,0.0,False
35.2749,1.0094,-1.2848,-3,-6,-3.3272,0.3932,0.0,False
35.283,1.1583,-1.2788,-3,-6,-3.3272,0.3932,0.0,False
35.2913,0.9325,-1.1268,-3,-6,-3.3272,0.3932,0.0,False
35.299600000000005,1.0151,-0.9858,-3,-6,-3.3272,0.3932,0.0,False
35.308,1.0803,-1.1482,-3,-6,-3.3272,0.3932,0.0,False
35.3166,1.0626,-1.2164,-3,-6,-3.3272,0.3932,0.0,False
35.324600000000004,1.0496,-1.2141,-3,-6,-3.3272,0.3932,0.0,False
35.333,1.0372,-1.1852,-3,-6,-3.3272,0.3932,0.0,False
35.3417,1.2464,-1.036,-3,-6,-3.3272,0.3932,0.0,False
35.3498,1.215,-1.2907,-3,-6,-3.3272,0.3932,0.0,False
35.358000000000004,1.2,-1.3041,-3,-6,-3.3272,0.3932,0.0,False
35.3663,1.2355,-1.0401,-3,-6,-3.3272,0.3932,0.0,False
35.3746,1.2223,-0.9547,-3,-6,-3.3272,0.3932,0.0,False
35.3832,1.361,-1.4085,-3,-6,-3.3272,0.3932,0.0,False
35.3913,1.2646,-1.3643,-3,-6,-3.3272,0.3932,0.0,False
35.3997,1.0802,-0.9088,-3,-6,-3.3272,0.3932,0.0,False
35.4082,1.5246,-1.3004,-3,-6,-3.3272,0.3932,0.0,False
35.4163,1.5182,-1.2236,-3,-6,-3.3272,0.3932,0.0,False
35.424600000000005,1.0593,-1.2386,-3,-6,-3.3272,0.3932,0.0,False
35.4331,1.2226,-1.0129,-3,-6,-3.3272,0.3932,0.0,False
35.4418,1.3804,-0.8728,-3,-6,-3.3272,0.3932,0.0,False
35.449600000000004,1.1734,-1.0024,-3,-6,-3.3272,0.3932,0.0,False
35.458,1.0729,-0.7073,-3,-6,-3.3272,0.3932,0.0,False
35.466300000000004,0.9587,-0.9615,-3,-6,-3.3272,0.3932,0.0,False
35.474900000000005,1.1488,-0.9702,-3,-6,-3.3272,0.3932,0.0,False
35.4833,1.0631,-1.0826,-3,-6,-3.3272,0.3932,0.0,False
35.4913,1.3938,-1.0285,-3,-6,-3.3272,0.3932,0.0,False
35.4998,1.296,-1.2188,-3,-6,-3.3272,0.3932,0.0,False
35.5081,1.0419,-1.0574,-3,-6,-3.3272,0.3932,0.0,False
35.516400000000004,1.0632,-1.1922,-3,-6,-3.3272,0.3932,0.0,False
35.5246,1.3875,-1.3385,-3,-6,-3.3272,0.3932,0.0,False
35.533,1.5648,-0.6591,-3,-6,-3.3272,0.3932,0.0,False
35.5414,1.4907,-1.2005,-3,-6,-3.3272,0.3932,0.0,False
35.549600000000005,1.5154,-1.1386,-3,-6,-3.3272,0.3932,0.0,False
35.558,1.6493,-1.2912,-3,-6,-3.3272,0.3932,0.0,False
35.5664,1.617,-1.4237,-3,-6,-3.3272,0.3932,0.0,False
35.5749,1.5127,-1.2002,-3,-6,-3.3272,0.3932,0.0,False
35.583,1.6149,-1.0062,-3,-6,-3.3272,0.3932,0.0,False
35.591300000000004,1.5387,-1.1996,-3,-6,-3.3272,0.3932,0.0,False
35.5996,1.5105,-1.137,-3,-6,-3.3272,0.3932,0.0,False
35.6083,1.2866,-1.058,-3,-6,-3.3272,0.3932,0.0,False
35.6163,1.4013,-1.2101,-3,-6,-3.3272,0.3932,0.0,False
35.6246,1.301,-0.9487,-3,-6,-3.3272,0.3932,0.0,False
35.633,1.783,-1.2106,-3,-6,-3.3272,0.3932,0.0,False
35.6413,1.6486,-1.1162,-3,-6,-3.3272,0.3932,0.0,False
35.6496,1.4308,-1.3016,-3,-6,-3.3272,0.3932,0.0,False
35.658,1.1098,-1.2981,-3,-6,-3.3272,0.3932,0.0,False
35.6664,1.2329,-1.4635,-3,-6,-3.3272,0.3932,0.0,False
35.6749,1.5156,-1.4024,-3,-6,-3.3272,0.3932,0.0,False
35.683,1.1446,-1.2684,-3,-6,-3.3272,0.3932,0.0,False
35.691300000000005,1.2393,-1.3222,-3,-6,-3.3272,0.3932,0.0,False
35.6997,1.5536,-2.0081,-3,-6,-3.3272,0.3932,0.0,False
35.708,1.2953,-1.4987,-3,-6,-3.3272,0.3932,0.0,False
36.533,-0.3022,-0.8023,6,0,-3.3272,0.3932,0.0,False
36.5414,-0.227,-0.8026,6,0,-3.3272,0.3932,0.0,False
36.5499,-0.1816,-0.8971,6,0,-3.3272,0.3932,0.0,False
36.558,-0.4295,-0.7167,6,0,-3.3272,0.3932,0.0,False
36.566500000000005,-0.2283,-0.7457,6,0,-3.3272,0.3932,0.0,False
36.575,-0.2195,-0.9253,6,0,-3.3272,0.3932,0.0,False
36.583,-0.353,-0.9266,6,0,-3.3272,0.3932,0.0,False
36.5914,-0.0758,-0.9874,6,0,-3.3272,0.3932,0.0,False
36.5996,-0.0143,-0.9178,6,0,-3.3272,0.3932,0.0,False
36.608200000000004,0.2375,-0.7953,6,0,-3.3272,0.3932,0.0,False
36.6163,0.1517,-0.767,6,0,-3.3272,0.3932,0.0,False
36.6246,-0.2491,-0.9241,6,0,-3.3272,0.3932,0.0,False
36.633,-0.0248,-0.7302,6,0,-3.3272,0.3932,0.0,False
36.6413,0.1831,-0.8695,6,0,-3.3272,0.3932,0.0,False
36.6496,-0.0231,-0.9215,6,0,-3.3272,0.3932,0.0,False
36.658,0.1435,-0.9175,6,0,-3.3272,0.3932,0.0,False
36.6665,0.1658,-1.0372,6,0,-3.3272,0.3932,0.0,False
36.674800000000005,-0.0307,-0.7816,6,0,-3.3272,0.3932,0.0,False
36.683,0.0988,-0.8412,6,0,-3.3272,0.3932,0.0,False
36.691300000000005,0.2475,-0.8737,6,0,-3.3272,0.3932,0.0,False
36.699600000000004,0.2703,-0.7597,6,0,-3.3272,0.3932,0.0,False
36.708,0.0516,-0.7542,6,0,-3.3272,0.3932,0.0,False
36.716300000000004,0.1547,-1.102,6,0,-3.3272,0.3932,0.0,False
36.7246,0.13,-1.0007,6,0,-3.3272,0.3932,0.0,False
36.733000000000004,0.226,-1.0255,6,0,-3.3272,0.3932,0.0,False
36.7415,0.3127,-0.9297,6,0,-3.3272,0.3932,0.0,False
36.7498,0.1863,-1.0196,6,0,-3.3272,0.3932,0.0,False
36.758,0.1316,-0.9764,6,0,-3.3272,0.3932,0.0,False
36.7663,0.1391,-0.9152,6,0,-3.3272,0.3932,0.0,False
36.7746,0.1897,-0.8841,6,0,-3.3272,0.3932,0.0,False
36.783,0.2774,-0.9695,6,0,-3.3272,0.3932,0.0,False
36.7913,0.2528,-0.9941,6,0,-3.3272,0.3932,0.0,False
36.799600000000005,0.1659,-1.0448,6,0,-3.3272,0.3932,0.0,False
36.8082,0.3502,-0.8044,6,0,-3.3272,0.3932,0.0,False
36.816300000000005,0.2488,-1.1469,6,0,-3.3272,0.3932,0.0,False
36.8247,0.2,-1.0201,6,0,-3.3272,0.3932,0.0,False
36.833,0.1589,-0.9632,6,0,-3.3272,0.3932,0.0,False
36.8414,0.2941,-1.1102,6,0,-3.3272,0.3932,0.0,False
36.8496,0.1618,-0.986,6,0,-3.3272,0.3932,0.0,False
36.858000000000004,0.1988,-1.1268,6,0,-3.3272,0.3932,0.0,False
36.8665,0.1779,-0.9179,6,0,-3.3272,0.3932,0.0,False
36.8748,-0.0651,-1.0923,6,0,-3.3272,0.3932,0.0,False
36.883,-0.0493,-0.9959,6,0,-3.3272,0.3932,0.0,False
36.8913,0.0185,-1.1062,6,0,-3.3272,0.3932,0.0,False
36.8996,0.1716,-1.0872,6,0,-3.3272,0.3932,0.0,False
36.908100000000005,0.214,-1.0003,6,0,-3.3272,0.3932,0.0,False
36.9163,0.1518,-0.9272,6,0,-3.3272,0.3932,0.0,False
36.924600000000005,0.2598,-0.8467,6,0,-3.3272,0.3932,0.0,False
36.933,0.1794,-0.9919,6,0,-3.3272,0.3932,0.0,False
36.9414,0.2257,-0.8463,6,0,-3.3272,0.3932,0.0,False
36.949600000000004,-0.0062,-0.9422,6,0,-3.3272,0.3932,0.0,False
36.958,0.1386,-0.7565,6,0,-3.3272,0.3932,0.0,False
36.966300000000004,-0.2337,-0.7712,6,0,-3.3272,0.3932,0.0,False
36.974900000000005,-0.1776,-0.9536,6,0,-3.3272,0.3932,0.0,False
36.983000000000004,0.0086,-0.8618,6,0,-3.3272,0.3932,0.0,False
36.9913,0.0205,-0.81,6,0,-3.3272,0.3932,0.0,False
36.9998,0.013,-0.4232,6,0,-3.3272,0.3932,0.0,False
37.0081,-0.0268,-0.6448,6,0,-3.3272,0.3932,0.0,False
37.0163,-0.0254,-0.6531,6,0,-3.3272,0.3932,0.0,False
37.0246,0.0544,-0.806,6,0,-3.3272,0.3932,0.0,False
37.033,0.0282,-0.7733,6,0,-3.3272,0.3932,0.0,False
37.0416,0.053,-0.8463,6,0,-3.3272,0.3932,0.0,False
37.049600000000005,0.0237,-0.9582,6,0,-3.3272,0.3932,0.0,False
37.0581,-0.0405,-0.7921,6,0,-3.3272,0.3932,0.0,False
37.0664,0.1496,-0.8415,6,0,-3.3272,0.3932,0.0,False
37.075,0.0407,-0.8568,6,0,-3.3272,0.3932,0.0,False
37.083,0.0217,-0.8287,6,0,-3.3272,0.3932,0.0,False
37.091300000000004,0.0231,-0.6872,6,0,-3.3272,0.3932,0.0,False
37.0997,-0.117,-0.6779,6,0,-3.3272,0.3932,0.0,False
37.108200000000004,0.0499,-0.6631,6,0,-3.3272,0.3932,0.0,False
37.1164,0.0519,-0.6276,6,0,-3.3272,0.3932,0.0,False
37.1246,-0.0572,-0.7988,6,0,-3.3272,0.3932,0.0,False
37.133,-0.0031,-0.7063,6,0,-3.3272,0.3932,0.0,False
37.1415,0.0217,-0.7355,6,0,-3.3272,0.3932,0.0,False
37.1498,0.0363,-0.6382,6,0,-3.3272,0.3932,0.0,False
37.158100000000005,-0.123,-0.616,6,0,-3.3272,0.3932,0.0,False
37.1663,0.0046,-0.6377,6,0,-3.3272,0.3932,0.0,False
37.174800000000005,-0.2003,-0.658,6,0,-3.3272,0.3932,0.0,False
37.183,0.1269,-0.7258,6,0,-3.3272,0.3932,0.0,False
37.191500000000005,0.0557,-0.5962,6,0,-3.3272,0.3932,0.0,False
37.1997,0.2284,-0.7126,6,0,-3.3272,0.3932,0.0,False
37.208,0.2318,-0.5278,6,0,-3.3272,0.3932,0.0,False
37.2167,0.0686,-0.5726,6,0,-3.3272,0.3932,0.0,False
37.2247,-0.0133,-0.8707,6,0,-3.3272,0.3932,0.0,False
37.233000000000004,-0.1218,-0.6336,6,0,-3.3272,0.3932,0.0,False
37.2413,-0.0697,-0.7522,6,0,-3.3272,0.3932,0.0,False
37.2496,-0.0328,-0.7898,6,0,-3.3272,0.3932,0.0,False
37.258,-0.0312,-0.6607,6,0,-3.3272,0.3932,0.0,False
37.2663,-0.2991,-0.5359,6,0,-3.3272,0.3932,0.0,False
37.2749,-0.0097,-0.5448,6,0,-3.3272,0.3932,0.0,False
37.283,-0.1449,-0.4098,6,0,-3.3272,0.3932,0.0,False
37.2913,0.0099,-0.3951,6,0,-3.3272,0.3932,0.0,False
37.2997,-0.0319,-0.3921,6,0,-3.3272,0.3932,0.0,False
37.3081,-0.1843,-0.4918,6,0,-3.3272,0.3932,0.0,False
37.316300000000005,-0.1039,-0.4133,6,0,-3.3272,0.3932,0.0,False
37.324600000000004,0.1049,-0.1987,6,0,-3.3272,0.3932,0.0,False
37.333,0.0207,-0.1474,6,0,-3.3272,0.3932,0.0,False
37.3415,-0.0498,-0.4156,6,0,-3.3272,0.3932,0.0,False
37.3496,-0.2544,-0.4278,6,0,-3.3272,0.3932,0.0,False
37.358000000000004,-0.0776,-0.329,6,0,-3.3272,0.3932,0.0,False
37.3665,0.0901,-0.2643,6,0,-3.3272,0.3932,0.0,False
37.3748,-0.0744,-0.2225,6,0,-3.3272,0.3932,0.0,False
37.383,0.0318,-0.227,6,0,-3.3272,0.3932,0.0,False
37.3913,0.1153,-0.2136,6,0,-3.3272,0.3932,0.0,False
37.3998,0.0921,-0.2759,6,0,-3.3272,0.3932,0.0,False
37.408100000000005,-0.0269,-0.3526,6,0,-3.3272,0.3932,0.0,False
37.4163,-0.0931,-0.3153,6,0,-3.3272,0.3932,0.0,False
37.424600000000005,0.0749,-0.2789,6,0,-3.3272,0.3932,0.0,False
37.433,-0.0317,-0.3162,6,0,-3.3272,0.3932,0.0,False
37.4416,-0.001,-0.292,6,0,-3.3272,0.3932,0.0,False
37.449600000000004,0.0299,-0.3803,6,0,-3.3272,0.3932,0.0,False
37.458,0.2181,-0.3927,6,0,-3.3272,0.3932,0.0,False
37.4665,-0.024,-0.2914,6,0,-3.3272,0.3932,0.0,False
37.4747,0.1322,-0.0459,6,0,-3.3272,0.3932,0.0,False
37.4831,0.1141,-0.2056,6,0,-3.3272,0.3932,0.0,False
37.4913,-0.0977,-0.2874,6,0,-3.3272,0.3932,0.0,False
37.499700000000004,-0.122,-0.4499,6,0,-3.3272,0.3932,0.0,False
37.5081,0.2354,-0.3946,6,0,-3.3272,0.3932,0.0,False
37.5163,0.0531,-0.123,6,0,-3.3272,0.3932,0.0,False
37.5246,-0.1183,-0.115,6,0,-3.3272,0.3932,0.0,False
37.533,0.1552,-0.3808,6,0,-3.3272,0.3932,0.0,False
37.5415,0.0567,-0.4025,6,0,-3.3272,0.3932,0.0,False
37.549800000000005,0.095,-0.1498,6,0,-3.3272,0.3932,0.0,False
37.558,-0.2016,-0.2863,6,0,-3.3272,0.3932,0.0,False
37.566300000000005,0.0172,-0.3636,6,0,-3.3272,0.3932,0.0,False
37.574600000000004,0.02,-0.4358,6,0,-3.3272,0.3932,0.0,False
37.583,-0.1569,-0.3232,6,0,-3.3272,0.3932,0.0,False
37.591300000000004,-0.1224,-0.3853,6,0,-3.3272,0.3932,0.0,False
37.5996,0.0112,-0.2891,6,0,-3.3272,0.3932,0.0,False
37.608000000000004,-0.0363,-0.3109,6,0,-3.3272,0.3932,0.0,False
37.6163,0.0109,-0.2165,6,0,-3.3272,0.3932,0.0,False
37.6246,0.1231,-0.2589,6,0,-3.3272,0.3932,0.0,False
37.6331,0.1048,-0.281,6,0,-3.3272,0.3932,0.0,False
37.6413,0.111,-0.1474,6,0,-3.3272,0.3932,0.0,False
37.6497,0.0021,-0.0873,6,0,-3.3272,0.3932,0.0,False
37.658,-0.0536,-0.0849,6,0,-3.3272,0.3932,0.0,False
37.6663,-0.0478,-0.1636,6,0,-3.3272,0.3932,0.0,False
37.6749,-0.0756,-0.2348,6,0,-3.3272,0.3932,0.0,False
37.683,-0.0874,-0.1328,6,0,-3.3272,0.3932,0.0,False
37.691300000000005,-0.1853,-0.1095,6,0,-3.3272,0.3932,0.0,False
37.6997,-0.3222,-0.3338,6,0,-3.3272,0.3932,0.0,False
37.7081,-0.1786,-0.0953,6,0,-3.3272,0.3932,0.0,False
37.716300000000004,-0.1582,-0.3029,6,0,-3.3272,0.3932,0.0,False
37.7246,-0.022,-0.3416,6,0,-3.3272,0.3932,0.0,False
37.733000000000004,-0.233,-0.3006,6,0,-3.3272,0.3932,0.0,False
37.7415,-0.1521,-0.3184,6,0,-3.3272,0.3932,0.0,False
37.7496,-0.0936,-0.2502,6,0,-3.3272,0.3932,0.0,False
37.758,-0.1862,-0.4133,6,0,-3.3272,0.3932,0.0,False
37.7665,-0.009,-0.4209,6,0,-3.3272,0.3932,0.0,False
37.7748,0.1475,-0.1215,6,0,-3.3272,0.3932,0.0,False
37.783,0.014,-0.2885,6,0,-3.3272,0.3932,0.0,False
37.7913,0.1088,-0.3186,6,0,-3.3272,0.3932,0.0,False
37.7997,-0.0682,-0.2932,6,0,-3.3272,0.3932,0.0,False
37.8081,0.0656,-0.2924,6,0,-3.3272,0.3932,0.0,False
37.816300000000005,-0.0535,-0.331,6,0,-3.3272,0.3932,0.0,False
37.824600000000004,-0.0863,-0.5139,6,0,-3.3272,0.3932,0.0,False
37.833,-0.0621,-0.501,6,0,-3.3272,0.3932,0.0,False
37.841300000000004,0.281,-0.3999,6,0,-3.3272,0.3932,0.0,False
37.8498,-0.038,-0.2685,6,0,-3.3272,0.3932,0.0,False
37.858000000000004,-0.0056,-0.3855,6,0,-3.3272,0.3932,0.0,False
37.8663,-0.1519,-0.221,6,0,-3.3272,0.3932,0.0,False
37.874700000000004,-0.1668,-0.3262,6,0,-3.3272,0.3932,0.0,False
37.883,-0.0184,-0.3055,6,0,-3.3272,0.3932,0.0,False
37.8913,-0.0526,-0.4391,6,0,-3.3272,0.3932,0.0,False
37.8996,-0.093,-0.3128,6,0,-3.3272,0.3932,0.0,False
37.908,0.0018,-0.3874,6,0,-3.3272,0.3932,0.0,False
37.9163,-0.0474,-0.3028,6,0,-3.3272,0.3932,0.0,False
37.9247,-0.1268,-0.3303,6,0,-3.3272,0.3932,0.0,False
37.9331,-0.0435,-0.0449,6,0,-3.3272,0.3932,0.0,False
37.9414,0.0189,-0.138,6,0,-3.3272,0.3932,0.0,False
37.949600000000004,0.0049,-0.3212,6,0,-3.3272,0.3932,0.0,False
37.958,-0.1389,-0.2296,6,0,-3.3272,0.3932,0.0,False
37.9664,0.0191,-0.2181,6,0,-3.3272,0.3932,0.0,False
37.974900000000005,-0.0009,-0.2417,6,0,-3.3272,0.3932,0.0,False
38.799600000000005,-2.6868,-2.3264,6,-6,-3.3272,0.3932,1.0,False
38.808,-2.2562,-2.1544,6,-6,-3.3272,0.3932,1.0,False
38.8164,-2.5238,-1.6351,6,-6,-3.3272,0.3932,1.0,False
38.824600000000004,-2.6024,-1.8633,6,-6,-3.3272,0.3932,1.0,False
38.833,-2.2248,-1.8244,6,-6,-3.3272,0.3932,1.0,False
38.8414,-1.9004,-1.7921,6,-6,-3.3272,0.3932,1.0,False
38.8496,-1.6194,-2.1399,6,-6,-3.3272,0.3932,1.0,False
38.858000000000004,-2.1419,-2.1003,6,-6,-3.3272,0.3932,1.0,False
38.8663,-1.8719,-1.9606,6,-6,-3.3272,0.3932,1.0,False
38.874900000000004,-1.8543,-2.0904,6,-6,-3.3272,0.3932,1.0,False
38.883,-1.7069,-2.0577,6,-6,-3.3272,0.3932,1.0,False
38.891400000000004,-1.5898,-2.02,6,-6,-3.3272,0.3932,1.0,False
38.8996,-1.985,-2.136,6,-6,-3.3272,0.3932,1.0,False
38.9082,-1.7646,-2.442,6,-6,-3.3272,0.3932,1.0,False
38.9164,-1.9929,-2.2763,6,-6,-3.3272,0.3932,1.0,False
38.9247,-2.1442,-2.3548,6,-6,-3.3272,0.3932,1.0,False
38.9331,-1.9017,-2.2727,6,-6,-3.3272,0.3932,1.0,False
38.9414,-2.3369,-2.1201,6,-6,-3.3272,0.3932,1.0,False
38.9499,-2.1399,-2.0357,6,-6,-3.3272,0.3932,1.0,False
38.958,-2.7812,-2.2559,6,-6,-3.3272,0.3932,1.0,False
38.966300000000004,-2.4257,-2.1741,6,-6,-3.3272,0.3932,1.0,False
38.974900000000005,-2.0449,-2.193,6,-6,-3.3272,0.3932,1.0,False
38.983000000000004,-1.9087,-2.0849,6,-6,-3.3272,0.3932,1.0,False
38.9913,-2.2977,-2.2783,6,-6,-3.3272,0.3932,1.0,False
38.9996,-1.8822,-2.4503,6,-6,-3.3272,0.3932,1.0,False
39.0082,-2.0165,-2.4914,6,-6,-3.3272,0.3932,1.0,False
39.0168,-2.0507,-2.6175,6,-6,-3.3272,0.3932,1.0,False
39.0246,-1.6571,-2.3718,6,-6,-3.3272,0.3932,1.0,False
39.033,-1.8583,-2.6048,6,-6,-3.3272,0.3932,1.0,False
39.0416,-2.0446,-2.675,6,-6,-3.3272,0.3932,1.0,False
39.0499,-2.0816,-2.4814,6,-6,-3.3272,0.3932,1.0,False
39.058,-2.0776,-2.5553,6,-6,-3.3272,0.3932,1.0,False
39.066700000000004,-2.1194,-2.7576,6,-6,-3.3272,0.3932,1.0,False
39.0748,-2.2277,-2.4588,6,-6,-3.3272,0.3932,1.0,False
39.083,-2.1986,-2.5251,6,-6,-3.3272,0.3932,1.0,False
39.091300000000004,-2.1345,-2.5657,6,-6,-3.3272,0.3932,1.0,False
39.0996,-1.5997,-2.5063,6,-6,-3.3272,0.3932,1.0,False
39.108200000000004,-1.9114,-2.4543,6,-6,-3.3272,0.3932,1.0,False
39.1164,-1.9841,-2.3924,6,-6,-3.3272,0.3932,1.0,False
39.124700000000004,-1.6531,-2.4178,6,-6,-3.3272,0.3932,1.0,False
39.133,-1.7505,-2.5728,6,-6,-3.3272,0.3932,1.0,False
39.1415,-1.9484,-2.3372,6,-6,-3.3272,0.3932,1.0,False
39.1498,-1.7465,-2.58,6,-6,-3.3272,0.3932,1.0,False
39.158,-2.196,-2.5276,6,-6,-3.3272,0.3932,1.0,False
39.1665,-1.814,-2.7123,6,-6,-3.3272,0.3932,1.0,False
39.1749,-1.8069,-2.9157,6,-6,-3.3272,0.3932,1.0,False
39.183,-1.7255,-2.6625,6,-6,-3.3272,0.3932,1.0,False
39.191300000000005,-1.7259,-2.9858,6,-6,-3.3272,0.3932,1.0,False
39.199600000000004,-1.7119,-2.7053,6,-6,-3.3272,0.3932,1.0,False
39.2081,-1.9603,-2.7391,6,-6,-3.3272,0.3932,1.0,False
39.2164,-1.9366,-2.7535,6,-6,-3.3272,0.3932,1.0,False
39.2247,-2.0204,-2.6951,6,-6,-3.3272,0.3932,1.0,False
39.233000000000004,-2.0621,-2.9964,6,-6,-3.3272,0.3932,1.0,False
39.2415,-1.8739,-2.8708,6,-6,-3.3272,0.3932,1.0,False
39.249700000000004,-1.8808,-2.7887,6,-6,-3.3272,0.3932,1.0,False
39.258,-1.935,-2.9284,6,-6,-3.3272,0.3932,1.0,False
39.2665,-1.7698,-2.761,6,-6,-3.3272,0.3932,1.0,False
39.2746,-1.7095,-2.9048,6,-6,-3.3272,0.3932,1.0,False
39.283,-1.9187,-3.1299,6,-6,-3.3272,0.3932,1.0,False
39.2914,-1.7931,-2.8664,6,-6,-3.3272,0.3932,1.0,False
39.299600000000005,-1.6939,-2.7956,6,-6,-3.3272,0.3932,1.0,False
39.3082,-1.8756,-2.835,6,-6,-3.3272,0.3932,1.0,False
39.3162,-1.8675,-2.4986,6,-6,-3.3272,0.3932,1.0,False
39.324600000000004,-1.816,-2.8645,6,-6,-3.3272,0.3932,1.0,False
39.333,-1.7638,-2.6248,6,-6,-3.3272,0.3932,1.0,False
39.3412,-1.8085,-2.7738,6,-6,-3.3272,0.3932,1.0,False
39.3498,-1.9913,-2.6787,6,-6,-3.3272,0.3932,1.0,False
39.358000000000004,-2.2006,-2.7125,6,-6,-3.3272,0.3932,1.0,False
39.3662,-1.7672,-2.7353,6,-6,-3.3272,0.3932,1.0,False
39.3748,-1.7314,-2.8405,6,-6,-3.3272,0.3932,1.0,False
39.383,-1.7463,-2.784,6,-6,-3.3272,0.3932,1.0,False
39.391200000000005,-1.8092,-2.8955,6,-6,-3.3272,0.3932,1.0,False
39.3998,-1.6051,-2.7067,6,-6,-3.3272,0.3932,1.0,False
39.4082,-1.6749,-2.9129,6,-6,-3.3272,0.3932,1.0,False
39.4162,-1.6988,-2.9778,6,-6,-3.3272,0.3932,1.0,False
39.4247,-1.8043,-2.8432,6,-6,-3.3272,0.3932,1.0,False
39.433,-1.7322,-2.6636,6,-6,-3.3272,0.3932,1.0,False
39.4414,-1.729,-2.6575,6,-6,-3.3272,0.3932,1.0,False
39.4497,-1.8655,-2.6803,6,-6,-3.3272,0.3932,1.0,False
39.458,-1.9199,-2.8029,6,-6,-3.3272,0.3932,1.0,False
39.4662,-1.6424,-2.9796,6,-6,-3.3272,0.3932,1.0,False
39.4747,-1.8107,-3.028,6,-6,-3.3272,0.3932,1.0,False
39.483000000000004,-1.8757,-2.8474,6,-6,-3.3272,0.3932,1.0,False
39.4912,-1.8642,-3.0573,6,-6,-3.3272,0.3932,1.0,False
39.4996,-1.6977,-2.7074,6,-6,-3.3272,0.3932,1.0,False
39.5082,-1.8725,-3.0689,6,-6,-3.3272,0.3932,1.0,False
39.516200000000005,-1.7899,-2.9541,6,-6,-3.3272,0.3932,1.0,False
39.5246,-1.7169,-3.0916,6,-6,-3.3272,0.3932,1.0,False
39.533,-1.9815,-2.851,6,-6,-3.3272,0.3932,1.0,False
39.5414,-1.8254,-2.8203,6,-6,-3.3272,0.3932,1.0,False
39.549800000000005,-1.6934,-2.8797,6,-6,-3.3272,0.3932,1.0,False
39.558,-1.7055,-3.0297,6,-6,-3.3272,0.3932,1.0,False
39.5662,-1.7704,-3.1331,6,-6,-3.3272,0.3932,1.0,False
39.574600000000004,-1.6724,-2.9672,6,-6,-3.3272,0.3932,1.0,False
39.583,-1.7121,-2.9083,6,-6,-3.3272,0.3932,1.0,False
39.5912,-1.8345,-2.9035,6,-6,-3.3272,0.3932,1.0,False
39.5996,-1.7153,-2.6711,6,-6,-3.3272,0.3932,1.0,False
39.6083,-1.6039,-2.8971,6,-6,-3.3272,0.3932,1.0,False
39.6162,-1.9344,-2.7298,6,-6,-3.3272,0.3932,1.0,False
39.624700000000004,-1.8206,-2.6802,6,-6,-3.3272,0.3932,1.0,False
39.633,-1.8935,-2.3299,6,-6,-3.3272,0.3932,1.0,False
39.641200000000005,-1.7976,-2.6609,6,-6,-3.3272,0.3932,1.0,False
39.6499,-1.9693,-2.4723,6,-6,-3.3272,0.3932,1.0,False
39.658,-1.89,-2.6387,6,-6,-3.3272,0.3932,1.0,False
39.6663,-1.7336,-2.741,6,-6,-3.3272,0.3932,1.0,False
39.674800000000005,-1.7482,-2.7064,6,-6,-3.3272,0.3932,1.0,False
39.683,-2.2872,-2.527,6,-6,-3.3272,0.3932,1.0,False
39.6912,-2.2982,-2.6238,6,-6,-3.3272,0.3932,1.0,False
39.699600000000004,-1.8976,-2.8015,6,-6,-3.3272,0.3932,1.0,False
39.708200000000005,-1.6287,-2.8491,6,-6,-3.3272,0.3932,1.0,False
39.7162,-1.9582,-2.7581,6,-6,-3.3272,0.3932,1.0,False
39.7246,-1.7859,-2.6244,6,-6,-3.3272,0.3932,1.0,False
39.733000000000004,-1.7566,-2.9453,6,-6,-3.3272,0.3932,1.0,False
39.7412,-1.7749,-2.8173,6,-6,-3.3272,0.3932,1.0,False
39.749700000000004,-1.7497,-2.7862,6,-6,-3.3272,0.3932,1.0,False
39.758,-1.6081,-2.8429,6,-6,-3.3272,0.3932,1.0,False
39.7663,-1.5442,-2.8808,6,-6,-3.3272,0.3932,1.0,False
39.7747,-1.7765,-3.1771,6,-6,-3.3272,0.3932,1.0,False
39.783,-1.9076,-2.7714,6,-6,-3.3272,0.3932,1.0,False
39.7912,-1.5334,-3.1477,6,-6,-3.3272,0.3932,1.0,False
39.799600000000005,-1.3561,-2.9428,6,-6,-3.3272,0.3932,1.0,False
39.8082,-1.4528,-2.7634,6,-6,-3.3272,0.3932,1.0,False
39.8162,-1.762,-2.9324,6,-6,-3.3272,0.3932,1.0,False
39.824600000000004,-1.9008,-2.681,6,-6,-3.3272,0.3932,1.0,False
39.833,-1.7203,-2.9055,6,-6,-3.3272,0.3932,1.0,False
39.8412,-1.8134,-3.0259,6,-6,-3.3272,0.3932,1.0,False
39.8498,-1.9598,-2.6359,6,-6,-3.3272,0.3932,1.0,False
39.858000000000004,-1.986,-2.7734,6,-6,-3.3272,0.3932,1.0,False
39.8665,-1.8516,-2.7003,6,-6,-3.3272,0.3932,1.0,False
39.874900000000004,-2.0657,-2.962,6,-6,-3.3272,0.3932,1.0,False
39.883,-1.869,-2.8145,6,-6,-3.3272,0.3932,1.0,False
39.891200000000005,-2.0064,-2.8738,6,-6,-3.3272,0.3932,1.0,False
39.8996,-1.5885,-2.8178,6,-6,-3.3272,0.3932,1.0,False
39.9082,-2.0759,-2.9572,6,-6,-3.3272,0.3932,1.0,False
39.9162,-1.683,-3.0052,6,-6,-3.3272,0.3932,1.0,False
39.9247,-1.8461,-2.944,6,-6,-3.3272,0.3932,1.0,False
39.933,-1.8084,-3.1594,6,-6,-3.3272,0.3932,1.0,False
39.9412,-1.7035,-3.0142,6,-6,-3.3272,0.3932,1.0,False
39.9498,-1.926,-2.9668,6,-6,-3.3272,0.3932,1.0,False
39.958,-1.8239,-2.7019,6,-6,-3.3272,0.3932,1.0,False
39.9662,-1.8639,-2.9108,6,-6,-3.3272,0.3932,1.0,False
39.9748,-1.8653,-2.891,6,-6,-3.3272,0.3932,1.0,False
39.983000000000004,-1.9075,-2.9324,6,-6,-3.3272,0.3932,1.0,False
39.9912,-2.0494,-3.0276,6,-6,-3.3272,0.3932,1.0,False
39.9996,-1.7904,-3.0773,6,-6,-3.3272,0.3932,1.0,False
40.0081,-2.2181,-3.0133,6,-6,-3.3272,0.3932,1.0,False
40.016200000000005,-2.246,-3.165,6,-6,-3.3272,0.3932,1.0,False
40.0246,-2.14,-2.7509,6,-6,-3.3272,0.3932,1.0,False
40.033,-2.2194,-2.7788,6,-6,-3.3272,0.3932,1.0,False
40.0412,-1.942,-2.7832,6,-6,-3.3272,0.3932,1.0,False
40.0497,-2.0811,-2.8176,6,-6,-3.3272,0.3932,1.0,False
40.058,-2.0999,-2.958,6,-6,-3.3272,0.3932,1.0,False
40.066300000000005,-2.123,-2.8646,6,-6,-3.3272,0.3932,1.0,False
40.0747,-2.219,-3.0673,6,-6,-3.3272,0.3932,1.0,False
40.8996,-0.636,0.7148,3,6,-3.3272,0.3932,0.0,False
40.908,-0.5308,0.8545,3,6,-3.3272,0.3932,0.0,False
40.9162,-0.5682,0.8594,3,6,-3.3272,0.3932,0.0,False
40.924600000000005,-0.4124,0.8653,3,6,-3.3272,0.3932,0.0,False
40.933,-0.4813,0.8349,3,6,-3.3272,0.3932,0.0,False
40.9412,-0.482,0.8091,3,6,-3.3272,0.3932,0.0,False
40.9498,-0.5178,0.7512,3,6,-3.3272,0.3932,0.0,False
40.958,-0.4559,0.833,3,6,-3.3272,0.3932,0.0,False
40.9662,-0.5082,0.7324,3,6,-3.3272,0.3932,0.0,False
40.9748,-0.5725,0.7735,3,6,-3.3272,0.3932,0.0,False
40.983200000000004,-0.6299,0.7121,3,6,-3.3272,0.3932,0.0,False
40.9912,-0.5644,0.7682,3,6,-3.3272,0.3932,0.0,False
40.9996,-0.6676,0.6749,3,6,-3.3272,0.3932,0.0,False
41.0081,-0.5402,0.7604,3,6,-3.3272,0.3932,0.0,False
41.016200000000005,-0.533,0.7693,3,6,-3.3272,0.3932,0.0,False
41.0246,-0.542,0.7828,3,6,-3.3272,0.3932,0.0,False
41.033100000000005,-0.5533,0.815,3,6,-3.3272,0.3932,0.0,False
41.0414,-0.7049,0.7135,3,6,-3.3272,0.3932,0.0,False
41.049600000000005,-0.5924,0.7541,3,6,-3.3272,0.3932,0.0,False
41.058,-0.614,0.6144,3,6,-3.3272,0.3932,0.0,False
41.066300000000005,-0.6886,0.6787,3,6,-3.3272,0.3932,0.0,False
41.0747,-0.5959,0.6269,3,6,-3.3272,0.3932,0.0,False
41.083,-0.6734,0.5902,3,6,-3.3272,0.3932,0.0,False
41.0912,-0.4836,0.7579,3,6,-3.3272,0.3932,0.0,False
41.0996,-0.6673,0.8056,3,6,-3.3272,0.3932,0.0,False
41.108200000000004,-0.7041,0.6561,3,6,-3.3272,0.3932,0.0,False
41.1162,-0.5771,0.7151,3,6,-3.3272,0.3932,0.0,False
41.1246,-0.4932,0.7461,3,6,-3.3272,0.3932,0.0,False
41.133,-0.524,0.6509,3,6,-3.3272,0.3932,0.0,False
41.141200000000005,-0.6272,0.6624,3,6,-3.3272,0.3932,0.0,False
41.1497,-0.6336,0.6928,3,6,-3.3272,0.3932,0.0,False
41.158,-0.5661,0.7126,3,6,-3.3272,0.3932,0.0,False
41.1663,-0.4968,0.6567,3,6,-3.3272,0.3932,0.0,False
41.1749,-0.6198,0.7327,3,6,-3.3272,0.3932,0.0,False
41.183,-0.5714,0.6527,3,6,-3.3272,0.3932,0.0,False
41.1912,-0.6385,0.6246,3,6,-3.3272,0.3932,0.0,False
41.199600000000004,-0.5918,0.6839,3,6,-3.3272,0.3932,0.0,False
41.2083,-0.5547,0.7437,3,6,-3.3272,0.3932,0.0,False
41.216300000000004,-0.5522,0.6597,3,6,-3.3272,0.3932,0.0,False
41.2246,-0.5652,0.7047,3,6,-3.3272,0.3932,0.0,False
41.233000000000004,-0.4867,0.6761,3,6,-3.3272,0.3932,0.0,False
41.2414,-0.4326,0.589,3,6,-3.3272,0.3932,0.0,False
41.249700000000004,-0.3992,0.6122,3,6,-3.3272,0.3932,0.0,False
41.258,-0.5514,0.5957,3,6,-3.3272,0.3932,0.0,False
41.266200000000005,-0.5841,0.6509,3,6,-3.3272,0.3932,0.0,False
41.2748,-0.4533,0.5772,3,6,-3.3272,0.3932,0.0,False
41.283,-0.4927,0.6413,3,6,-3.3272,0.3932,0.0,False
41.2912,-0.4753,0.6877,3,6,-3.3272,0.3932,0.0,False
41.299600000000005,-0.5653,0.5558,3,6,-3.3272,0.3932,0.0,False
41.3081,-0.496,0.6497,3,6,-3.3272,0.3932,0.0,False
41.3162,-0.4698,0.5328,3,6,-3.3272,0.3932,0.0,False
41.3247,-0.5873,0.7483,3,6,-3.3272,0.3932,0.0,False
41.3331,-0.551,0.7448,3,6,-3.3272,0.3932,0.0,False
41.3414,-0.5316,0.6964,3,6,-3.3272,0.3932,0.0,False
41.3497,-0.5078,0.581,3,6,-3.3272,0.3932,0.0,False
41.3581,-0.5841,0.6581,3,6,-3.3272,0.3932,0.0,False
41.3662,-0.5385,0.6875,3,6,-3.3272,0.3932,0.0,False
41.374700000000004,-0.57,0.5888,3,6,-3.3272,0.3932,0.0,False
41.3832,-0.4754,0.5126,3,6,-3.3272,0.3932,0.0,False
41.391200000000005,-0.4673,0.5732,3,6,-3.3272,0.3932,0.0,False
41.3997,-0.4288,0.6456,3,6,-3.3272,0.3932,0.0,False
41.408300000000004,-0.5908,0.5469,3,6,-3.3272,0.3932,0.0,False
41.4163,-0.5787,0.6303,3,6,-3.3272,0.3932,0.0,False
41.424600000000005,-0.4938,0.6419,3,6,-3.3272,0.3932,0.0,False
41.433,-0.4563,0.6674,3,6,-3.3272,0.3932,0.0,False
41.4414,-0.4763,0.6545,3,6,-3.3272,0.3932,0.0,False
41.4497,-0.4449,0.5221,3,6,-3.3272,0.3932,0.0,False
41.458,-0.4532,0.6832,3,6,-3.3272,0.3932,0.0,False
41.4662,-0.5628,0.5748,3,6,-3.3272,0.3932,0.0,False
41.4746,-0.4319,0.5912,3,6,-3.3272,0.3932,0.0,False
41.483000000000004,-0.4359,0.6019,3,6,-3.3272,0.3932,0.0,False
41.4912,-0.5571,0.6063,3,6,-3.3272,0.3932,0.0,False
41.4996,-0.54,0.7427,3,6,-3.3272,0.3932,0.0,False
41.5082,-0.5726,0.6627,3,6,-3.3272,0.3932,0.0,False
41.516200000000005,-0.4485,0.6673,3,6,-3.3272,0.3932,0.0,False
41.5246,-0.5081,0.6811,3,6,-3.3272,0.3932,0.0,False
41.533,-0.4614,0.67,3,6,-3.3272,0.3932,0.0,False
41.5414,-0.3946,0.7604,3,6,-3.3272,0.3932,0.0,False
41.549800000000005,-0.4527,0.724,3,6,-3.3272,0.3932,0.0,False
41.558,-0.5006,0.7331,3,6,-3.3272,0.3932,0.0,False
41.5662,-0.5722,0.6969,3,6,-3.3272,0.3932,0.0,False
41.5747,-0.5884,0.7946,3,6,-3.3272,0.3932,0.0,False
41.583,-0.4474,0.6952,3,6,-3.3272,0.3932,0.0,False
41.5912,-0.4531,0.6834,3,6,-3.3272,0.3932,0.0,False
41.5998,-0.59,0.8098,3,6,-3.3272,0.3932,0.0,False
41.608200000000004,-0.5231,0.7881,3,6,-3.3272,0.3932,0.0,False
41.6162,-0.5738,0.9457,3,6,-3.3272,0.3932,0.0,False
41.6246,-0.5347,0.9235,3,6,-3.3272,0.3932,0.0,False
41.633,-0.4838,0.8981,3,6,-3.3272,0.3932,0.0,False
41.641200000000005,-0.5894,0.705,3,6,-3.3272,0.3932,0.0,False
41.6496,-0.535,0.853,3,6,-3.3272,0.3932,0.0,False
41.658100000000005,-0.5082,0.9776,3,6,-3.3272,0.3932,0.0,False
41.6662,-0.5551,0.8942,3,6,-3.3272,0.3932,0.0,False
41.6747,-0.5753,0.8511,3,6,-3.3272,0.3932,0.0,False
41.6832,-0.5056,0.7588,3,6,-3.3272,0.3932,0.0,False
41.6912,-0.5874,0.8952,3,6,-3.3272,0.3932,0.0,False
41.6997,-0.5547,0.9126,3,6,-3.3272,0.3932,0.0,False
41.708200000000005,-0.5628,0.8496,3,6,-3.3272,0.3932,0.0,False
42.533,0.5642,-0.4286,0,-6,-3.3272,0.3932,0.0,False
42.5415,0.5476,-0.4302,0,-6,-3.3272,0.3932,0.0,False
42.5497,0.661,-0.2978,0,-6,-3.3272,0.3932,0.0,False
42.558,0.5864,-0.3194,0,-6,-3.3272,0.3932,0.0,False
42.5664,0.4221,-0.1454,0,-6,-3.3272,0.3932,0.0,False
42.5747,0.684,-0.1819,0,-6,-3.3272,0.3932,0.0,False
42.583,0.5174,-0.2027,0,-6,-3.3272,0.3932,0.0,False
42.5912,0.7997,-0.241,0,-6,-3.3272,0.3932,0.0,False
42.5996,0.5319,-0.225,0,-6,-3.3272,0.3932,0.0,False
42.6081,0.5309,-0.5336,0,-6,-3.3272,0.3932,0.0,False
42.6162,0.4147,-0.3734,0,-6,-3.3272,0.3932,0.0,False
42.6246,0.5698,-0.4046,0,-6,-3.3272,0.3932,0.0,False
42.633,0.5776,-0.1996,0,-6,-3.3272,0.3932,0.0,False
42.641200000000005,0.6111,-0.3046,0,-6,-3.3272,0.3932,0.0,False
42.6498,0.5735,-0.2236,0,-6,-3.3272,0.3932,0.0,False
42.658100000000005,0.4329,-0.2706,0,-6,-3.3272,0.3932,0.0,False
42.6662,0.5762,-0.4811,0,-6,-3.3272,0.3932,0.0,False
42.674600000000005,0.8122,-0.266,0,-6,-3.3272,0.3932,0.0,False
42.6832,0.5555,-0.2964,0,-6,-3.3272,0.3932,0.0,False
42.6912,0.2908,-0.3732,0,-6,-3.3272,0.3932,0.0,False
42.699600000000004,0.5622,-0.6755,0,-6,-3.3272,0.3932,0.0,False
42.708200000000005,0.5447,-0.6969,0,-6,-3.3272,0.3932,0.0,False
42.7162,0.2722,-0.5492,0,-6,-3.3272,0.3932,0.0,False
42.7246,0.2123,-0.4693,0,-6,-3.3272,0.3932,0.0,False
42.7334,0.1098,-0.5911,0,-6,-3.3272,0.3932,0.0,False
42.7414,0.2301,-0.8149,0,-6,-3.3272,0.3932,0.0,False
42.749700000000004,0.2168,-0.7982,0,-6,-3.3272,0.3932,0.0,False
42.758,0.2402,-0.6926,0,-6,-3.3272,0.3932,0.0,False
42.766200000000005,0.2838,-0.7182,0,-6,-3.3272,0.3932,0.0,False
42.7746,0.5227,-0.6963,0,-6,-3.3272,0.3932,0.0,False
42.783100000000005,0.3303,-0.4617,0,-6,-3.3272,0.3932,0.0,False
42.7912,0.4375,-0.3183,0,-6,-3.3272,0.3932,0.0,False
42.799600000000005,0.3013,-0.3984,0,-6,-3.3272,0.3932,0.0,False
42.8081,0.4996,-0.5084,0,-6,-3.3272,0.3932,0.0,False
42.8162,0.2521,-0.6014,0,-6,-3.3272,0.3932,0.0,False
42.824600000000004,0.3641,-0.6225,0,-6,-3.3272,0.3932,0.0,False
42.8333,0.4954,-0.5516,0,-6,-3.3272,0.3932,0.0,False
42.8412,0.4792,-0.6396,0,-6,-3.3272,0.3932,0.0,False
42.8497,0.3437,-0.6618,0,-6,-3.3272,0.3932,0.0,False
42.858000000000004,0.3535,-0.6427,0,-6,-3.3272,0.3932,0.0,False
42.8662,0.2658,-0.5783,0,-6,-3.3272,0.3932,0.0,False
42.8748,0.1894,-0.7827,0,-6,-3.3272,0.3932,0.0,False
42.8831,0.2833,-0.5446,0,-6,-3.3272,0.3932,0.0,False
42.891200000000005,0.1136,-0.7957,0,-6,-3.3272,0.3932,0.0,False
42.8996,0.5205,-0.446,0,-6,-3.3272,0.3932,0.0,False
42.908100000000005,0.6549,-0.7568,0,-6,-3.3272,0.3932,0.0,False
42.9162,0.4144,-0.9305,0,-6,-3.3272,0.3932,0.0,False
42.924800000000005,0.4297,-0.6932,0,-6,-3.3272,0.3932,0.0,False
42.933,0.4563,-0.6912,0,-6,-3.3272,0.3932,0.0,False
42.9412,0.1256,-0.6428,0,-6,-3.3272,0.3932,0.0,False
42.949600000000004,0.3701,-0.7486,0,-6,-3.3272,0.3932,0.0,False
42.958,0.2099,-0.5623,0,-6,-3.3272,0.3932,0.0,False
42.9662,0.564,-0.535,0,-6,-3.3272,0.3932,0.0,False
42.974900000000005,0.5655,-1.0354,0,-6,-3.3272,0.3932,0.0,False
42.983000000000004,0.4047,-0.7021,0,-6,-3.3272,0.3932,0.0,False
42.9912,0.6188,-0.5577,0,-6,-3.3272,0.3932,0.0,False
42.9996,0.5625,-0.6691,0,-6,-3.3272,0.3932,0.0,False
43.0082,0.4266,-0.6071,0,-6,-3.3272,0.3932,0.0,False
43.016200000000005,0.4554,-0.9409,0,-6,-3.3272,0.3932,0.0,False
43.0246,0.6541,-0.5927,0,-6,-3.3272,0.3932,0.0,False
43.033,0.4389,-0.8725,0,-6,-3.3272,0.3932,0.0,False
43.0414,0.4634,-0.9577,0,-6,-3.3272,0.3932,0.0,False
43.0497,0.3435,-0.8012,0,-6,-3.3272,0.3932,0.0,False
43.058,0.6372,-0.5612,0,-6,-3.3272,0.3932,0.0,False
43.0662,0.557,-0.6997,0,-6,-3.3272,0.3932,0.0,False
43.075,0.6485,-0.8922,0,-6,-3.3272,0.3932,0.0,False
43.083,0.586,-0.7996,0,-6,-3.3272,0.3932,0.0,False
43.0912,0.5837,-0.9099,0,-6,-3.3272,0.3932,0.0,False
43.0997,0.4658,-0.5166,0,-6,-3.3272,0.3932,0.0,False
43.1081,0.6296,-0.7184,0,-6,-3.3272,0.3932,0.0,False
43.1162,0.5133,-0.5421,0,-6,-3.3272,0.3932,0.0,False
43.1246,0.5894,-0.6537,0,-6,-3.3272,0.3932,0.0,False
43.133,0.3774,-0.7798,0,-6,-3.3272,0.3932,0.0,False
43.1415,0.4827,-0.8352,0,-6,-3.3272,0.3932,0.0,False
43.1496,0.3721,-0.6738,0,-6,-3.3272,0.3932,0.0,False
43.158,0.4767,-0.7311,0,-6,-3.3272,0.3932,0.0,False
43.1662,0.4743,-0.9129,0,-6,-3.3272,0.3932,0.0,False
43.174800000000005,0.3833,-0.5605,0,-6,-3.3272,0.3932,0.0,False
43.1832,0.2572,-0.8373,0,-6,-3.3272,0.3932,0.0,False
43.1912,0.3327,-0.4564,0,-6,-3.3272,0.3932,0.0,False
43.199600000000004,0.6945,-0.7922,0,-6,-3.3272,0.3932,0.0,False
43.2081,0.2714,-0.8411,0,-6,-3.3272,0.3932,0.0,False
43.2162,0.4513,-0.7829,0,-6,-3.3272,0.3932,0.0,False
43.2246,0.7117,-0.8653,0,-6,-3.3272,0.3932,0.0,False
43.2331,0.5457,-0.7302,0,-6,-3.3272,0.3932,0.0,False
43.2413,0.7825,-0.8567,0,-6,-3.3272,0.3932,0.0,False
43.2496,0.4673,-0.632,0,-6,-3.3272,0.3932,0.0,False
43.258,0.796,-1.1482,0,-6,-3.3272,0.3932,0.0,False
43.266200000000005,0.7429,-0.9288,0,-6,-3.3272,0.3932,0.0,False
43.2747,0.2672,-0.8285,0,-6,-3.3272,0.3932,0.0,False
43.283,0.5937,-0.8913,0,-6,-3.3272,0.3932,0.0,False
43.2912,0.2796,-0.8821,0,-6,-3.3272,0.3932,0.0,False
43.2995,0.6151,-0.7049,0,-6,-3.3272,0.3932,0.0,False
43.308,0.312,-0.9736,0,-6,-3.3272,0.3932,0.0,False
43.3162,0.6192,-0.7971,0,-6,-3.3272,0.3932,0.0,False
43.324600000000004,0.6935,-0.8784,0,-6,-3.3272,0.3932,0.0,False
43.333,0.3236,-0.8903,0,-6,-3.3272,0.3932,0.0,False
43.3414,0.2504,-0.9378,0,-6,-3.3272,0.3932,0.0,False
43.3495,0.1863,-0.8762,0,-6,-3.3272,0.3932,0.0,False
43.358000000000004,0.4188,-0.943,0,-6,-3.3272,0.3932,0.0,False
43.3662,0.2972,-0.9564,0,-6,-3.3272,0.3932,0.0,False
43.374700000000004,0.2034,-0.8645,0,-6,-3.3272,0.3932,0.0,False
43.3832,0.2492,-1.0201,0,-6,-3.3272,0.3932,0.0,False
43.391200000000005,0.253,-0.8444,0,-6,-3.3272,0.3932,0.0,False
43.3995,0.6048,-1.0136,0,-6,-3.3272,0.3932,0.0,False
43.4082,0.5076,-0.7463,0,-6,-3.3272,0.3932,0.0,False
43.4162,0.4743,-0.5775,0,-6,-3.3272,0.3932,0.0,False
43.424600000000005,0.9079,-0.837,0,-6,-3.3272,0.3932,0.0,False
43.4331,0.6628,-0.6293,0,-6,-3.3272,0.3932,0.0,False
43.441300000000005,0.7495,-0.6387,0,-6,-3.3272,0.3932,0.0,False
43.4495,0.1156,-0.5025,0,-6,-3.3272,0.3932,0.0,False
43.458,0.299,-0.5166,0,-6,-3.3272,0.3932,0.0,False
43.4662,0.2209,-0.8159,0,-6,-3.3272,0.3932,0.0,False
43.4745,0.2103,-0.8832,0,-6,-3.3272,0.3932,0.0,False
43.483000000000004,0.1342,-0.3717,0,-6,-3.3272,0.3932,0.0,False
43.4912,-0.1442,-0.5641,0,-6,-3.3272,0.3932,0.0,False
43.499500000000005,0.1872,-0.7482,0,-6,-3.3272,0.3932,0.0,False
43.508,-0.0977,-0.622,0,-6,-3.3272,0.3932,0.0,False
43.516200000000005,0.1344,-0.6738,0,-6,-3.3272,0.3932,0.0,False
43.5245,0.3186,-0.3897,0,-6,-3.3272,0.3932,0.0,False
43.533,0.3757,-0.6253,0,-6,-3.3272,0.3932,0.0,False
43.5412,0.3594,-0.7091,0,-6,-3.3272,0.3932,0.0,False
43.549600000000005,0.0986,-0.4934,0,-6,-3.3272,0.3932,0.0,False
43.558,0.2978,-0.7341,0,-6,-3.3272,0.3932,0.0,False
43.5662,0.5534,-0.7352,0,-6,-3.3272,0.3932,0.0,False
43.5748,0.2753,-0.898,0,-6,-3.3272,0.3932,0.0,False
43.5828,0.4265,-0.8785,0,-6,-3.3272,0.3932,0.0,False
43.5912,0.5617,-0.7789,0,-6,-3.3272,0.3932,0.0,False
43.5996,0.4389,-0.6233,0,-6,-3.3272,0.3932,0.0,False
43.608200000000004,0.3144,-0.8518,0,-6,-3.3272,0.3932,0.0,False
43.6162,0.6668,-0.736,0,-6,-3.3272,0.3932,0.0,False
43.624500000000005,0.3984,-0.836,0,-6,-3.3272,0.3932,0.0,False
43.6328,0.2912,-0.8177,0,-6,-3.3272,0.3932,0.0,False
43.641200000000005,0.4116,-0.7344,0,-6,-3.3272,0.3932,0.0,False
43.6495,0.6503,-0.7617,0,-6,-3.3272,0.3932,0.0,False
43.6578,0.4767,-0.7674,0,-6,-3.3272,0.3932,0.0,False
43.6662,0.4734,-0.6665,0,-6,-3.3272,0.3932,0.0,False
43.674600000000005,0.3322,-0.678,0,-6,-3.3272,0.3932,0.0,False
43.6828,0.2466,-0.7044,0,-6,-3.3272,0.3932,0.0,False
43.6912,0.3095,-0.7352,0,-6,-3.3272,0.3932,0.0,False
43.6995,0.4273,-0.7121,0,-6,-3.3272,0.3932,0.0,False
43.7078,0.1581,-0.4183,0,-6,-3.3272,0.3932,0.0,False
43.7162,0.4336,-0.6327,0,-6,-3.3272,0.3932,0.0,False
43.7246,0.2121,-0.7229,0,-6,-3.3272,0.3932,0.0,False
43.7329,0.1837,-0.7845,0,-6,-3.3272,0.3932,0.0,False
43.7413,0.1072,-0.8811,0,-6,-3.3272,0.3932,0.0,False
43.749500000000005,0.5619,-0.845,0,-6,-3.3272,0.3932,0.0,False
43.7578,0.3749,-0.6212,0,-6,-3.3272,0.3932,0.0,False
43.7663,0.2317,-0.8178,0,-6,-3.3272,0.3932,0.0,False
43.7748,0.261,-0.8694,0,-6,-3.3272,0.3932,0.0,False
43.7828,0.4078,-0.469,0,-6,-3.3272,0.3932,0.0,False
43.7912,0.251,-0.6061,0,-6,-3.3272,0.3932,0.0,False
43.7995,0.1714,-0.6222,0,-6,-3.3272,0.3932,0.0,False
43.8082,0.2563,-0.8866,0,-6,-3.3272,0.3932,0.0,False
43.8162,0.4276,-0.8415,0,-6,-3.3272,0.3932,0.0,False
43.8245,0.3564,-0.6224,0,-6,-3.3272,0.3932,0.0,False
43.8329,0.5857,-0.5856,0,-6,-3.3272,0.3932,0.0,False
43.841300000000004,0.5179,-0.8493,0,-6,-3.3272,0.3932,0.0,False
43.8495,0.394,-0.7998,0,-6,-3.3272,0.3932,0.0,False
43.857800000000005,0.4039,-0.673,0,-6,-3.3272,0.3932,0.0,False
43.8662,0.5678,-0.5597,0,-6,-3.3272,0.3932,0.0,False
43.874700000000004,0.5855,-0.5435,0,-6,-3.3272,0.3932,0.0,False
43.8828,0.7103,-0.7012,0,-6,-3.3272,0.3932,0.0,False
43.891200000000005,0.6625,-0.6865,0,-6,-3.3272,0.3932,0.0,False
43.8995,0.5874,-0.5685,0,-6,-3.3272,0.3932,0.0,False
43.9078,0.5503,-0.554,0,-6,-3.3272,0.3932,0.0,False
43.9162,0.5163,-0.8106,0,-6,-3.3272,0.3932,0.0,False
43.9245,0.5941,-0.4768,0,-6,-3.3272,0.3932,0.0,False
43.932900000000004,0.6138,-0.3847,0,-6,-3.3272,0.3932,0.0,False
43.9414,0.681,-0.7106,0,-6,-3.3272,0.3932,0.0,False
43.9495,0.4489,-0.7118,0,-6,-3.3272,0.3932,0.0,False
43.9578,0.5355,-0.6876,0,-6,-3.3272,0.3932,0.0,False
43.9662,0.5754,-0.6065,0,-6,-3.3272,0.3932,0.0,False
43.9747,0.5319,-0.5895,0,-6,-3.3272,0.3932,0.0,False
43.982800000000005,0.4045,-0.6734,0,-6,-3.3272,0.3932,0.0,False
43.9912,0.1696,-0.6437,0,-6,-3.3272,0.3932,0.0,False
43.999500000000005,0.4067,-0.6911,0,-6,-3.3272,0.3932,0.0,False
44.0078,0.3325,-0.621,0,-6,-3.3272,0.3932,0.0,False
44.016200000000005,0.3051,-0.7422,0,-6,-3.3272,0.3932,0.0,False
44.0246,0.3786,-0.9521,0,-6,-3.3272,0.3932,0.0,False
44.0328,0.4494,-0.873,0,-6,-3.3272,0.3932,0.0,False
44.0413,0.3051,-0.9636,0,-6,-3.3272,0.3932,0.0,False
44.049600000000005,0.2553,-0.9372,0,-6,-3.3272,0.3932,0.0,False
44.0578,0.3385,-0.9717,0,-6,-3.3272,0.3932,0.0,False
44.0662,0.5383,-0.832,0,-6,-3.3272,0.3932,0.0,False
45.0662,-0.1409,0.9677,-6,3,-3.3272,0.3932,0.0,False
45.0745,0.042,0.891,-6,3,-3.3272,0.3932,0.0,False
45.0828,0.1733,0.8578,-6,3,-3.3272,0.3932,0.0,False
45.0912,0.0575,0.9243,-6,3,-3.3272,0.3932,0.0,False
45.0995,0.1328,1.038,-6,3,-3.3272,0.3932,0.0,False
45.107800000000005,0.1466,0.886,-6,3,-3.3272,0.3932,0.0,False
45.1162,0.0209,0.9778,-6,3,-3.3272,0.3932,0.0,False
45.124500000000005,0.0863,1.1269,-6,3,-3.3272,0.3932,0.0,False
45.133,0.0722,0.9848,-6,3,-3.3272,0.3932,0.0,False
45.141200000000005,0.1951,1.0603,-6,3,-3.3272,0.3932,0.0,False
45.1496,0.1146,1.1218,-6,3,-3.3272,0.3932,0.0,False
45.1578,0.2802,0.8712,-6,3,-3.3272,0.3932,0.0,False
45.1664,0.1601,0.9207,-6,3,-3.3272,0.3932,0.0,False
45.1745,0.0286,0.9381,-6,3,-3.3272,0.3932,0.0,False
45.1828,0.0818,1.0028,-6,3,-3.3272,0.3932,0.0,False
45.1912,0.007,0.9814,-6,3,-3.3272,0.3932,0.0,False
45.1997,0.0353,0.842,-6,3,-3.3272,0.3932,0.0,False
45.208,0.2109,1.0003,-6,3,-3.3272,0.3932,0.0,False
45.216300000000004,0.1442,1.0912,-6,3,-3.3272,0.3932,0.0,False
45.2245,0.1765,1.0803,-6,3,-3.3272,0.3932,0.0,False
45.232800000000005,0.1886,1.044,-6,3,-3.3272,0.3932,0.0,False
45.2412,0.0602,1.1781,-6,3,-3.3272,0.3932,0.0,False
45.2496,0.0091,1.3154,-6,3,-3.3272,0.3932,0.0,False
45.2578,0.1403,1.2022,-6,3,-3.3272,0.3932,0.0,False
45.2663,0.1844,1.2672,-6,3,-3.3272,0.3932,0.0,False
45.2745,0.1762,1.1983,-6,3,-3.3272,0.3932,0.0,False
45.2828,0.1321,1.1213,-6,3,-3.3272,0.3932,0.0,False
45.2912,0.21,1.0821,-6,3,-3.3272,0.3932,0.0,False
45.2995,0.0994,1.0596,-6,3,-3.3272,0.3932,0.0,False
45.3078,0.1241,1.0514,-6,3,-3.3272,0.3932,0.0,False
45.316300000000005,0.0966,0.9678,-6,3,-3.3272,0.3932,0.0,False
45.3245,0.1843,1.0967,-6,3,-3.3272,0.3932,0.0,False
45.3329,-0.0088,1.1041,-6,3,-3.3272,0.3932,0.0,False
45.341300000000004,-0.0278,1.0123,-6,3,-3.3272,0.3932,0.0,False
45.3496,0.1505,0.9239,-6,3,-3.3272,0.3932,0.0,False
45.357800000000005,0.1802,1.0624,-6,3,-3.3272,0.3932,0.0,False
45.3664,0.1663,1.0879,-6,3,-3.3272,0.3932,0.0,False
45.374900000000004,0.1288,1.1507,-6,3,-3.3272,0.3932,0.0,False
45.3831,0.3082,1.1371,-6,3,-3.3272,0.3932,0.0,False
45.391200000000005,0.1239,1.1733,-6,3,-3.3272,0.3932,0.0,False
45.3995,0.2224,1.086,-6,3,-3.3272,0.3932,0.0,False
45.408,0.1626,1.1502,-6,3,-3.3272,0.3932,0.0,False
45.4162,0.1165,1.1767,-6,3,-3.3272,0.3932,0.0,False
45.424600000000005,0.2713,1.2351,-6,3,-3.3272,0.3932,0.0,False
45.432900000000004,0.0066,1.1223,-6,3,-3.3272,0.3932,0.0,False
45.4414,0.0052,1.0768,-6,3,-3.3272,0.3932,0.0,False
45.449600000000004,0.2276,1.0944,-6,3,-3.3272,0.3932,0.0,False
45.4578,-0.0362,1.1118,-6,3,-3.3272,0.3932,0.0,False
45.466300000000004,0.0883,1.0796,-6,3,-3.3272,0.3932,0.0,False
45.4745,0.2815,1.125,-6,3,-3.3272,0.3932,0.0,False
45.4829,0.0914,0.9646,-6,3,-3.3272,0.3932,0.0,False
45.4912,0.229,0.991,-6,3,-3.3272,0.3932,0.0,False
45.4996,0.0942,1.035,-6,3,-3.3272,0.3932,0.0,False
45.5078,-0.0161,0.716,-6,3,-3.3272,0.3932,0.0,False
45.516200000000005,-0.0642,0.439,-6,3,-3.3272,0.3932,0.0,False
45.5245,0.2737,0.2236,-6,3,-3.3272,0.3932,0.0,False
45.533,0.3302,0.1427,-6,3,-3.3272,0.3932,0.0,False
45.5414,0.3158,0.143,-6,3,-3.3272,0.3932,0.0,False
45.5497,0.3095,0.1986,-6,3,-3.3272,0.3932,0.0,False
45.5578,0.306,0.203,-6,3,-3.3272,0.3932,0.0,False
45.566500000000005,0.2444,0.1821,-6,3,-3.3272,0.3932,0.0,False
45.5749,0.2857,0.2881,-6,3,-3.3272,0.3932,0.0,False
45.5831,0.1875,0.2765,-6,3,-3.3272,0.3932,0.0,False
45.5912,0.2249,0.2678,-6,3,-3.3272,0.3932,0.0,False
45.5995,0.1107,0.1686,-6,3,-3.3272,0.3932,0.0,False
45.6079,0.0705,0.3759,-6,3,-3.3272,0.3932,0.0,False
45.6164,0.1841,0.1899,-6,3,-3.3272,0.3932,0.0,False
46.441300000000005,0.7359,-1.7124,6,-3,-3.3272,0.3932,1.0,False
46.449600000000004,0.3717,-2.1024,6,-3,-3.3272,0.3932,1.0,False
46.4578,0.5398,-2.0892,6,-3,-3.3272,0.3932,1.0,False
46.4662,0.4529,-1.9799,6,-3,-3.3272,0.3932,1.0,False
46.4747,0.7263,-2.1154,6,-3,-3.3272,0.3932,1.0,False
46.482800000000005,0.6098,-1.9305,6,-3,-3.3272,0.3932,1.0,False
46.4914,0.7732,-1.729,6,-3,-3.3272,0.3932,1.0,False
46.499500000000005,0.5381,-2.1454,6,-3,-3.3272,0.3932,1.0,False
46.5081,0.4801,-1.9379,6,-3,-3.3272,0.3932,1.0,False
46.516200000000005,0.4174,-1.9545,6,-3,-3.3272,0.3932,1.0,False
46.5246,0.3671,-1.8942,6,-3,-3.3272,0.3932,1.0,False
46.5328,0.3933,-1.9959,6,-3,-3.3272,0.3932,1.0,False
46.5415,0.3748,-2.0154,6,-3,-3.3272,0.3932,1.0,False
46.5497,0.4835,-2.1048,6,-3,-3.3272,0.3932,1.0,False
46.5578,0.3665,-2.1292,6,-3,-3.3272,0.3932,1.0,False
46.5662,0.4005,-2.0328,6,-3,-3.3272,0.3932,1.0,False
46.5745,0.4541,-2.1087,6,-3,-3.3272,0.3932,1.0,False
46.5828,0.2953,-1.9912,6,-3,-3.3272,0.3932,1.0,False
46.5912,0.4132,-1.9909,6,-3,-3.3272,0.3932,1.0,False
46.5996,0.6794,-2.1532,6,-3,-3.3272,0.3932,1.0,False
46.607800000000005,0.4299,-1.8945,6,-3,-3.3272,0.3932,1.0,False
46.6162,0.3159,-1.958,6,-3,-3.3272,0.3932,1.0,False
46.6246,0.5166,-1.9367,6,-3,-3.3272,0.3932,1.0,False
46.6328,0.3657,-1.8909,6,-3,-3.3272,0.3932,1.0,False
46.641200000000005,0.4332,-2.1101,6,-3,-3.3272,0.3932,1.0,False
47.0245,-1.3816,-2.994,6,-3,-3.3272,0.3932,1.0,False
47.0328,-0.7902,-2.7655,6,-3,-3.3272,0.3932,1.0,False
47.0415,-0.8644,-2.5968,6,-3,-3.3272,0.3932,1.0,False
47.049600000000005,-1.3696,-2.6567,6,-3,-3.3272,0.3932,1.0,False
47.0578,-1.0542,-2.8277,6,-3,-3.3272,0.3932,1.0,False
47.0662,-1.4033,-2.426,6,-3,-3.3272,0.3932,1.0,False
47.0747,-1.1129,-2.1481,6,-3,-3.3272,0.3932,1.0,False
47.0828,-1.0999,-2.1296,6,-3,-3.3272,0.3932,1.0,False
47.091300000000004,-0.9871,-1.8992,6,-3,-3.3272,0.3932,1.0,False
47.0996,-0.7089,-2.2263,6,-3,-3.3272,0.3932,1.0,False
47.1081,-0.9638,-1.6921,6,-3,-3.3272,0.3932,1.0,False
47.1162,-0.694,-2.0398,6,-3,-3.3272,0.3932,1.0,False
47.1246,-0.5499,-1.8778,6,-3,-3.3272,0.3932,1.0,False
47.1328,-0.4232,-2.0067,6,-3,-3.3272,0.3932,1.0,False
47.141600000000004,-0.7314,-1.8038,6,-3,-3.3272,0.3932,1.0,False
47.1496,-0.5302,-1.8054,6,-3,-3.3272,0.3932,1.0,False
47.1578,-0.1907,-1.7455,6,-3,-3.3272,0.3932,1.0,False
47.1663,-0.2387,-1.7714,6,-3,-3.3272,0.3932,1.0,False
47.1745,-0.206,-1.8015,6,-3,-3.3272,0.3932,1.0,False
47.1828,-0.1715,-1.8828,6,-3,-3.3272,0.3932,1.0,False
47.1912,-0.086,-1.7415,6,-3,-3.3272,0.3932,1.0,False
47.199600000000004,-0.2065,-1.8648,6,-3,-3.3272,0.3932,1.0,False
47.2078,-0.172,-1.6349,6,-3,-3.3272,0.3932,1.0,False
47.2162,-0.2854,-1.6841,6,-3,-3.3272,0.3932,1.0,False
47.2246,-0.2476,-1.8217,6,-3,-3.3272,0.3932,1.0,False
47.232800000000005,0.0002,-1.523,6,-3,-3.3272,0.3932,1.0,False
47.2413,-0.215,-1.5758,6,-3,-3.3272,0.3932,1.0,False
47.249700000000004,-0.2113,-1.9029,6,-3,-3.3272,0.3932,1.0,False
47.2578,-0.2411,-1.8493,6,-3,-3.3272,0.3932,1.0,False
47.266200000000005,-0.2968,-1.82,6,-3,-3.3272,0.3932,1.0,False
47.2748,-0.1149,-2.1599,6,-3,-3.3272,0.3932,1.0,False
47.2828,-0.2875,-1.5279,6,-3,-3.3272,0.3932,1.0,False
47.2912,-0.3864,-2.1889,6,-3,-3.3272,0.3932,1.0,False
47.299600000000005,-0.0274,-1.9912,6,-3,-3.3272,0.3932,1.0,False
47.3078,0.1019,-2.0508,6,-3,-3.3272,0.3932,1.0,False
47.3162,-0.0602,-1.8067,6,-3,-3.3272,0.3932,1.0,False
47.3245,-0.1789,-1.8054,6,-3,-3.3272,0.3932,1.0,False
47.3328,-0.1441,-1.9498,6,-3,-3.3272,0.3932,1.0,False
47.3414,-0.1453,-1.7481,6,-3,-3.3272,0.3932,1.0,False
47.3496,-0.0201,-1.934,6,-3,-3.3272,0.3932,1.0,False
48.1744,0.1365,-0.3079,-6,0,-3.3272,0.3932,0.0,False
48.1828,0.2134,-0.1352,-6,0,-3.3272,0.3932,0.0,False
48.1912,0.1333,-0.4237,-6,0,-3.3272,0.3932,0.0,False
48.199600000000004,-0.1339,-0.2443,-6,0,-3.3272,0.3932,0.0,False
48.208,0.2939,-0.288,-6,0,-3.3272,0.3932,0.0,False
48.2162,0.0565,-0.4667,-6,0,-3.3272,0.3932,0.0,False
48.2244,0.1223,-0.335,-6,0,-3.3272,0.3932,0.0,False
48.232800000000005,-0.0536,-0.3428,-6,0,-3.3272,0.3932,0.0,False
48.2414,0.1224,-0.2365,-6,0,-3.3272,0.3932,0.0,False
48.2494,-0.1539,-0.2992,-6,0,-3.3272,0.3932,0.0,False
48.2578,-0.0369,-0.2998,-6,0,-3.3272,0.3932,0.0,False
48.266200000000005,0.2112,-0.2505,-6,0,-3.3272,0.3932,0.0,False
48.2744,-0.1433,-0.2835,-6,0,-3.3272,0.3932,0.0,False
48.2828,0.1586,-0.3386,-6,0,-3.3272,0.3932,0.0,False
48.2912,0.0175,-0.2326,-6,0,-3.3272,0.3932,0.0,False
48.2995,0.0164,-0.1997,-6,0,-3.3272,0.3932,0.0,False
48.307900000000004,-0.0104,-0.4674,-6,0,-3.3272,0.3932,0.0,False
48.3162,-0.1385,-0.2507,-6,0,-3.3272,0.3932,0.0,False
48.3245,-0.1194,-0.433,-6,0,-3.3272,0.3932,0.0,False
48.333,-0.044,-0.3166,-6,0,-3.3272,0.3932,0.0,False
48.3412,0.0731,-0.2769,-6,0,-3.3272,0.3932,0.0,False
48.3495,-0.1428,-0.0972,-6,0,-3.3272,0.3932,0.0,False
48.357800000000005,0.0134,-0.1359,-6,0,-3.3272,0.3932,0.0,False
48.3662,-0.1455,-0.4407,-6,0,-3.3272,0.3932,0.0,False
48.3744,0.167,-0.0832,-6,0,-3.3272,0.3932,0.0,False
48.3828,0.005,-0.2152,-6,0,-3.3272,0.3932,0.0,False
48.391200000000005,-0.0779,-0.2735,-6,0,-3.3272,0.3932,0.0,False
48.3996,-0.1376,-0.1182,-6,0,-3.3272,0.3932,0.0,False
48.408,-0.0702,-0.3422,-6,0,-3.3272,0.3932,0.0,False
48.4162,0.0928,-0.301,-6,0,-3.3272,0.3932,0.0,False
48.4244,-0.0196,-0.2493,-6,0,-3.3272,0.3932,0.0,False
48.4328,-0.0946,-0.0103,-6,0,-3.3272,0.3932,0.0,False
48.4414,-0.1247,-0.328,-6,0,-3.3272,0.3932,0.0,False
48.449400000000004,0.0516,-0.0382,-6,0,-3.3272,0.3932,0.0,False
48.4578,-0.3454,-0.1708,-6,0,-3.3272,0.3932,0.0,False
48.4662,-0.2001,-0.1659,-6,0,-3.3272,0.3932,0.0,False
48.4744,-0.0767,-0.0711,-6,0,-3.3272,0.3932,0.0,False
48.482800000000005,-0.2492,-0.35,-6,0,-3.3272,0.3932,0.0,False
48.4912,-0.4581,-0.3013,-6,0,-3.3272,0.3932,0.0,False
48.4994,0.0191,-0.1633,-6,0,-3.3272,0.3932,0.0,False
48.508,0.0436,-0.2453,-6,0,-3.3272,0.3932,0.0,False
48.516200000000005,0.0051,-0.1011,-6,0,-3.3272,0.3932,0.0,False
48.5244,0.0826,0.0212,-6,0,-3.3272,0.3932,0.0,False
48.532900000000005,0.0027,-0.2922,-6,0,-3.3272,0.3932,0.0,False
48.5414,-0.0093,-0.1207,-6,0,-3.3272,0.3932,0.0,False
48.5495,0.02,-0.0811,-6,0,-3.3272,0.3932,0.0,False
48.557900000000004,-0.0473,-0.145,-6,0,-3.3272,0.3932,0.0,False
48.5662,0.0547,-0.2849,-6,0,-3.3272,0.3932,0.0,False
48.574400000000004,0.0492,-0.3006,-6,0,-3.3272,0.3932,0.0,False
48.5829,-0.0698,-0.2862,-6,0,-3.3272,0.3932,0.0,False
48.5912,0.1509,-0.2561,-6,0,-3.3272,0.3932,0.0,False
48.5996,0.0099,-0.2037,-6,0,-3.3272,0.3932,0.0,False
48.6081,-0.0681,-0.1585,-6,0,-3.3272,0.3932,0.0,False
48.6162,-0.1107,-0.1148,-6,0,-3.3272,0.3932,0.0,False
48.6244,0.0311,-0.2094,-6,0,-3.3272,0.3932,0.0,False
48.6328,0.1693,-0.0942,-6,0,-3.3272,0.3932,0.0,False
48.6415,-0.0181,-0.1744,-6,0,-3.3272,0.3932,0.0,False
48.6495,0.0079,-0.1096,-6,0,-3.3272,0.3932,0.0,False
48.657900000000005,0.0624,-0.0588,-6,0,-3.3272,0.3932,0.0,False
48.6662,0.2733,-0.3295,-6,0,-3.3272,0.3932,0.0,False
48.674800000000005,0.0228,-0.1408,-6,0,-3.3272,0.3932,0.0,False
48.6828,0.1278,-0.2151,-6,0,-3.3272,0.3932,0.0,False
48.6912,0.2079,-0.1806,-6,0,-3.3272,0.3932,0.0,False
48.6997,0.1407,-0.1196,-6,0,-3.3272,0.3932,0.0,False
48.7078,0.1247,-0.1814,-6,0,-3.3272,0.3932,0.0,False
48.7162,0.1566,-0.1165,-6,0,-3.3272,0.3932,0.0,False
48.7244,0.248,0.0528,-6,0,-3.3272,0.3932,0.0,False
48.732800000000005,0.2533,-0.1234,-6,0,-3.3272,0.3932,0.0,False
48.7414,0.3522,-0.1863,-6,0,-3.3272,0.3932,0.0,False
48.749500000000005,0.0747,-0.2102,-6,0,-3.3272,0.3932,0.0,False
48.7578,0.208,-0.193,-6,0,-3.3272,0.3932,0.0,False
48.7663,0.0394,-0.0936,-6,0,-3.3272,0.3932,0.0,False
48.7748,0.1406,-0.2255,-6,0,-3.3272,0.3932,0.0,False
48.782900000000005,0.0595,-0.1874,-6,0,-3.3272,0.3932,0.0,False
48.7912,-0.0266,-0.252,-6,0,-3.3272,0.3932,0.0,False
48.7994,0.2068,-0.0652,-6,0,-3.3272,0.3932,0.0,False
48.807900000000004,0.18,-0.2234,-6,0,-3.3272,0.3932,0.0,False
48.8162,0.1353,-0.2824,-6,0,-3.3272,0.3932,0.0,False
48.8245,0.1641,-0.2241,-6,0,-3.3272,0.3932,0.0,False
48.8329,0.2706,-0.0648,-6,0,-3.3272,0.3932,0.0,False
48.8414,0.2624,-0.4253,-6,0,-3.3272,0.3932,0.0,False
48.8494,0.1863,-0.1599,-6,0,-3.3272,0.3932,0.0,False
48.857800000000005,0.1583,-0.1078,-6,0,-3.3272,0.3932,0.0,False
48.8662,0.1535,-0.1915,-6,0,-3.3272,0.3932,0.0,False
48.8746,0.1156,-0.2181,-6,0,-3.3272,0.3932,0.0,False
48.8828,0.1324,-0.0868,-6,0,-3.3272,0.3932,0.0,False
48.891200000000005,0.1733,-0.0333,-6,0,-3.3272,0.3932,0.0,False
48.8994,-0.0948,-0.15,-6,0,-3.3272,0.3932,0.0,False
48.908,0.0913,-0.127,-6,0,-3.3272,0.3932,0.0,False
48.9163,0.1674,-0.1012,-6,0,-3.3272,0.3932,0.0,False
48.9244,-0.016,-0.184,-6,0,-3.3272,0.3932,0.0,False
48.9328,0.0752,-0.1841,-6,0,-3.3272,0.3932,0.0,False
48.9414,0.0688,-0.2162,-6,0,-3.3272,0.3932,0.0,False
48.9495,-0.0587,-0.0999,-6,0,-3.3272,0.3932,0.0,False
48.9578,0.1102,-0.2748,-6,0,-3.3272,0.3932,0.0,False
48.9662,0.1732,-0.2067,-6,0,-3.3272,0.3932,0.0,False
48.9746,0.081,-0.1571,-6,0,-3.3272,0.3932,0.0,False
48.982800000000005,0.1887,-0.1528,-6,0,-3.3272,0.3932,0.0,False
48.9913,0.1375,-0.2049,-6,0,-3.3272,0.3932,0.0,False
48.999500000000005,-0.0133,-0.2093,-6,0,-3.3272,0.3932,0.0,False
49.0081,-0.0116,-0.2498,-6,0,-3.3272,0.3932,0.0,False
49.016200000000005,0.1025,-0.1837,-6,0,-3.3272,0.3932,0.0,False
49.0244,0.004,-0.3402,-6,0,-3.3272,0.3932,0.0,False
49.0328,-0.0073,-0.2687,-6,0,-3.3272,0.3932,0.0,False
49.0414,0.0565,-0.3241,-6,0,-3.3272,0.3932,0.0,False
49.0495,0.2297,-0.1238,-6,0,-3.3272,0.3932,0.0,False
49.0578,0.1481,0.0275,-6,0,-3.3272,0.3932,0.0,False
49.0662,0.2642,-0.0126,-6,0,-3.3272,0.3932,0.0,False
49.0747,0.1822,-0.0536,-6,0,-3.3272,0.3932,0.0,False
49.0829,-0.0838,0.0778,-6,0,-3.3272,0.3932,0.0,False
49.0912,0.1232,0.0177,-6,0,-3.3272,0.3932,0.0,False
49.0995,0.2662,-0.0589,-6,0,-3.3272,0.3932,0.0,False
49.1081,0.1632,-0.1273,-6,0,-3.3272,0.3932,0.0,False
49.1162,0.1571,-0.2195,-6,0,-3.3272,0.3932,0.0,False
49.1244,0.137,0.0126,-6,0,-3.3272,0.3932,0.0,False
49.1328,0.1369,-0.3432,-6,0,-3.3272,0.3932,0.0,False
49.1413,0.1949,-0.1826,-6,0,-3.3272,0.3932,0.0,False
49.1494,0.1939,-0.2055,-6,0,-3.3272,0.3932,0.0,False
49.1578,0.0899,-0.197,-6,0,-3.3272,0.3932,0.0,False
49.1663,0.1206,-0.1422,-6,0,-3.3272,0.3932,0.0,False
49.174600000000005,0.2151,-0.1991,-6,0,-3.3272,0.3932,0.0,False
49.1828,0.1661,-0.1917,-6,0,-3.3272,0.3932,0.0,False
49.1912,0.1563,-0.0872,-6,0,-3.3272,0.3932,0.0,False
49.199400000000004,0.0863,-0.1512,-6,0,-3.3272,0.3932,0.0,False
49.208,0.0501,-0.1141,-6,0,-3.3272,0.3932,0.0,False
49.2162,0.1737,0.0265,-6,0,-3.3272,0.3932,0.0,False
49.2244,0.2506,-0.1656,-6,0,-3.3272,0.3932,0.0,False
49.232800000000005,0.1863,-0.1386,-6,0,-3.3272,0.3932,0.0,False
49.2414,0.1333,-0.4104,-6,0,-3.3272,0.3932,0.0,False
49.2494,0.1762,-0.0125,-6,0,-3.3272,0.3932,0.0,False
49.2578,0.189,-0.2055,-6,0,-3.3272,0.3932,0.0,False
49.266200000000005,0.1622,-0.1414,-6,0,-3.3272,0.3932,0.0,False
49.2744,0.2363,-0.1922,-6,0,-3.3272,0.3932,0.0,False
49.2828,0.1582,-0.1644,-6,0,-3.3272,0.3932,0.0,False
49.2912,0.2103,0.0345,-6,0,-3.3272,0.3932,0.0,False
49.2994,0.123,-0.0458,-6,0,-3.3272,0.3932,0.0,False
49.3081,0.2501,-0.2315,-6,0,-3.3272,0.3932,0.0,False
49.3162,-0.0724,-0.0994,-6,0,-3.3272,0.3932,0.0,False
49.324400000000004,0.1328,-0.0681,-6,0,-3.3272,0.3932,0.0,False
49.3328,0.1273,-0.1589,-6,0,-3.3272,0.3932,0.0,False
49.3414,0.0803,-0.1308,-6,0,-3.3272,0.3932,0.0,False
49.3494,0.2412,-0.3804,-6,0,-3.3272,0.3932,0.0,False
49.357800000000005,0.1035,0.0834,-6,0,-3.3272,0.3932,0.0,False
49.3664,0.2136,-0.1941,-6,0,-3.3272,0.3932,0.0,False
49.374700000000004,0.3474,-0.0605,-6,0,-3.3272,0.3932,0.0,False
49.3828,0.2627,-0.06,-6,0,-3.3272,0.3932,0.0,False
49.391200000000005,0.1702,-0.2459,-6,0,-3.3272,0.3932,0.0,False
49.3994,0.1509,-0.4611,-6,0,-3.3272,0.3932,0.0,False
50.2244,0.1974,-1.4691,0,-3,-3.3272,0.3932,0.0,False
50.232800000000005,0.2152,-1.5547,0,-3,-3.3272,0.3932,0.0,False
50.2412,0.1178,-1.4223,0,-3,-3.3272,0.3932,0.0,False
50.2496,0.2922,-1.6989,0,-3,-3.3272,0.3932,0.0,False
50.2578,0.4382,-1.3379,0,-3,-3.3272,0.3932,0.0,False
50.266200000000005,0.1916,-1.4471,0,-3,-3.3272,0.3932,0.0,False
50.2747,0.1641,-1.368,0,-3,-3.3272,0.3932,0.0,False
50.2828,0.4407,-1.1859,0,-3,-3.3272,0.3932,0.0,False
50.2912,0.5331,-1.3049,0,-3,-3.3272,0.3932,0.0,False
50.2994,0.4803,-1.2735,0,-3,-3.3272,0.3932,0.0,False
50.308,0.5928,-1.2007,0,-3,-3.3272,0.3932,0.0,False
50.3162,0.5559,-1.4831,0,-3,-3.3272,0.3932,0.0,False
50.3245,0.3671,-1.4118,0,-3,-3.3272,0.3932,0.0,False
50.3328,0.3403,-1.6146,0,-3,-3.3272,0.3932,0.0,False
50.3414,0.4688,-1.5747,0,-3,-3.3272,0.3932,0.0,False
50.3495,0.4521,-1.1971,0,-3,-3.3272,0.3932,0.0,False
50.357800000000005,0.344,-1.3552,0,-3,-3.3272,0.3932,0.0,False
50.3662,0.2496,-1.2779,0,-3,-3.3272,0.3932,0.0,False
50.3744,0.3091,-1.0447,0,-3,-3.3272,0.3932,0.0,False
50.3828,0.5438,-1.2148,0,-3,-3.3272,0.3932,0.0,False
50.391200000000005,0.4138,-1.3777,0,-3,-3.3272,0.3932,0.0,False
50.3994,0.3828,-1.4409,0,-3,-3.3272,0.3932,0.0,False
50.408,0.4673,-1.3167,0,-3,-3.3272,0.3932,0.0,False
50.4162,0.3876,-1.5779,0,-3,-3.3272,0.3932,0.0,False
50.4244,0.3361,-1.5683,0,-3,-3.3272,0.3932,0.0,False
50.4328,0.346,-1.2957,0,-3,-3.3272,0.3932,0.0,False
50.4414,0.3455,-1.3402,0,-3,-3.3272,0.3932,0.0,False
50.449400000000004,0.2621,-1.4768,0,-3,-3.3272,0.3932,0.0,False
50.4578,0.2162,-1.2905,0,-3,-3.3272,0.3932,0.0,False
50.466300000000004,0.3047,-1.2152,0,-3,-3.3272,0.3932,0.0,False
50.4747,0.0796,-1.1262,0,-3,-3.3272,0.3932,0.0,False
50.482800000000005,0.1632,-1.26,0,-3,-3.3272,0.3932,0.0,False
50.4912,0.2445,-1.1393,0,-3,-3.3272,0.3932,0.0,False
50.4994,0.3107,-1.385,0,-3,-3.3272,0.3932,0.0,False
50.5079,0.4654,-1.2019,0,-3,-3.3272,0.3932,0.0,False
50.516200000000005,0.2849,-1.1422,0,-3,-3.3272,0.3932,0.0,False
50.5244,0.4696,-1.3742,0,-3,-3.3272,0.3932,0.0,False
50.5328,0.4902,-1.2849,0,-3,-3.3272,0.3932,0.0,False
50.5414,0.3857,-1.0559,0,-3,-3.3272,0.3932,0.0,False
50.5494,0.5551,-1.3273,0,-3,-3.3272,0.3932,0.0,False
50.5578,0.4351,-1.1658,0,-3,-3.3272,0.3932,0.0,False
50.5664,0.7158,-1.3517,0,-3,-3.3272,0.3932,0.0,False
50.5747,0.6705,-1.199,0,-3,-3.3272,0.3932,0.0,False
50.5828,0.4944,-1.2431,0,-3,-3.3272,0.3932,0.0,False
50.5912,0.5964,-1.3325,0,-3,-3.3272,0.3932,0.0,False
50.5994,0.4301,-1.149,0,-3,-3.3272,0.3932,0.0,False
50.607800000000005,0.4218,-1.1527,0,-3,-3.3272,0.3932,0.0,False
50.6162,0.393,-1.1109,0,-3,-3.3272,0.3932,0.0,False
50.6244,0.2727,-1.0967,0,-3,-3.3272,0.3932,0.0,False
50.6328,0.1892,-1.1806,0,-3,-3.3272,0.3932,0.0,False
50.641400000000004,0.4154,-1.1078,0,-3,-3.3272,0.3932,0.0,False
50.6494,0.3153,-0.8975,0,-3,-3.3272,0.3932,0.0,False
50.6578,0.0012,-0.9267,0,-3,-3.3272,0.3932,0.0,False
50.6662,0.1352,-0.7229,0,-3,-3.3272,0.3932,0.0,False
50.674600000000005,0.1546,-0.8351,0,-3,-3.3272,0.3932,0.0,False
50.682900000000004,0.1418,-0.8161,0,-3,-3.3272,0.3932,0.0,False
50.6912,0.2453,-0.7827,0,-3,-3.3272,0.3932,0.0,False
50.699400000000004,0.1574,-0.8271,0,-3,-3.3272,0.3932,0.0,False
50.7081,0.2186,-0.7806,0,-3,-3.3272,0.3932,0.0,False
50.7162,0.2103,-0.7838,0,-3,-3.3272,0.3932,0.0,False
50.7244,0.077,-0.8658,0,-3,-3.3272,0.3932,0.0,False
50.732800000000005,0.1375,-0.6776,0,-3,-3.3272,0.3932,0.0,False
50.7414,0.4478,-0.8211,0,-3,-3.3272,0.3932,0.0,False
50.7494,0.2181,-1.078,0,-3,-3.3272,0.3932,0.0,False
50.7578,0.3143,-0.8825,0,-3,-3.3272,0.3932,0.0,False
50.766200000000005,0.2016,-0.8478,0,-3,-3.3272,0.3932,0.0,False
50.7744,0.2005,-1.0571,0,-3,-3.3272,0.3932,0.0,False
50.782900000000005,0.1023,-0.9409,0,-3,-3.3272,0.3932,0.0,False
50.7912,0.1311,-0.8961,0,-3,-3.3272,0.3932,0.0,False
50.7994,-0.052,-0.9416,0,-3,-3.3272,0.3932,0.0,False
50.808,0.3649,-0.7169,0,-3,-3.3272,0.3932,0.0,False
50.8162,0.1513,-0.7663,0,-3,-3.3272,0.3932,0.0,False
50.824400000000004,-0.0025,-0.9971,0,-3,-3.3272,0.3932,0.0,False
50.8328,0.0357,-0.7612,0,-3,-3.3272,0.3932,0.0,False
50.841300000000004,0.0104,-1.0602,0,-3,-3.3272,0.3932,0.0,False
50.8494,-0.0564,-1.2112,0,-3,-3.3272,0.3932,0.0,False
50.857800000000005,0.0502,-1.006,0,-3,-3.3272,0.3932,0.0,False
50.8662,0.003,-0.9713,0,-3,-3.3272,0.3932,0.0,False
50.874700000000004,0.0519,-0.8847,0,-3,-3.3272,0.3932,0.0,False
50.8829,0.0751,-1.1338,0,-3,-3.3272,0.3932,0.0,False
50.891200000000005,0.1139,-0.6738,0,-3,-3.3272,0.3932,0.0,False
50.8995,0.126,-1.0485,0,-3,-3.3272,0.3932,0.0,False
50.908100000000005,0.2122,-0.8629,0,-3,-3.3272,0.3932,0.0,False
50.9162,0.2661,-0.9532,0,-3,-3.3272,0.3932,0.0,False
50.9245,0.0762,-0.8233,0,-3,-3.3272,0.3932,0.0,False
50.932900000000004,0.2931,-0.919,0,-3,-3.3272,0.3932,0.0,False
50.9412,0.2174,-1.0,0,-3,-3.3272,0.3932,0.0,False
50.949400000000004,0.3717,-0.9614,0,-3,-3.3272,0.3932,0.0,False
50.9578,0.5474,-1.1683,0,-3,-3.3272,0.3932,0.0,False
50.9662,0.1251,-1.2385,0,-3,-3.3272,0.3932,0.0,False
50.9744,0.5113,-1.0478,0,-3,-3.3272,0.3932,0.0,False
50.9829,0.233,-1.012,0,-3,-3.3272,0.3932,0.0,False
50.9912,0.3381,-0.9409,0,-3,-3.3272,0.3932,0.0,False
50.999500000000005,-0.0195,-0.9564,0,-3,-3.3272,0.3932,0.0,False
51.008,0.5025,-0.9377,0,-3,-3.3272,0.3932,0.0,False
51.016200000000005,0.3919,-1.0671,0,-3,-3.3272,0.3932,0.0,False
51.0246,0.345,-0.9854,0,-3,-3.3272,0.3932,0.0,False
51.0328,0.3907,-1.0448,0,-3,-3.3272,0.3932,0.0,False
51.0412,0.4739,-0.8795,0,-3,-3.3272,0.3932,0.0,False
51.0494,0.4986,-1.1365,0,-3,-3.3272,0.3932,0.0,False
51.0578,0.3915,-1.2251,0,-3,-3.3272,0.3932,0.0,False
51.0662,0.1973,-1.1908,0,-3,-3.3272,0.3932,0.0,False
51.074400000000004,0.5993,-1.0001,0,-3,-3.3272,0.3932,0.0,False
51.0829,0.4335,-1.1525,0,-3,-3.3272,0.3932,0.0,False
51.0912,0.3464,-1.2607,0,-3,-3.3272,0.3932,0.0,False
51.0995,0.6404,-0.9634,0,-3,-3.3272,0.3932,0.0,False
51.1081,0.5409,-0.9434,0,-3,-3.3272,0.3932,0.0,False
51.1162,0.5474,-1.1185,0,-3,-3.3272,0.3932,0.0,False
51.1244,0.4139,-1.0261,0,-3,-3.3272,0.3932,0.0,False
51.1328,0.2811,-0.9783,0,-3,-3.3272,0.3932,0.0,False
51.141400000000004,0.2514,-1.0524,0,-3,-3.3272,0.3932,0.0,False
51.1494,0.2901,-0.8023,0,-3,-3.3272,0.3932,0.0,False
51.1578,0.2441,-0.9237,0,-3,-3.3272,0.3932,0.0,False
51.1662,-0.0486,-0.7837,0,-3,-3.3272,0.3932,0.0,False
51.1747,0.082,-0.8272,0,-3,-3.3272,0.3932,0.0,False
51.182900000000004,0.1215,-0.8984,0,-3,-3.3272,0.3932,0.0,False
51.1912,0.2223,-0.7274,0,-3,-3.3272,0.3932,0.0,False
51.1995,0.1419,-0.6536,0,-3,-3.3272,0.3932,0.0,False
51.208,0.2086,-0.7608,0,-3,-3.3272,0.3932,0.0,False
51.2162,0.3132,-0.8176,0,-3,-3.3272,0.3932,0.0,False
51.2244,0.0148,-0.6622,0,-3,-3.3272,0.3932,0.0,False
51.232800000000005,-0.0889,-0.6477,0,-3,-3.3272,0.3932,0.0,False
51.2413,0.0268,-0.4532,0,-3,-3.3272,0.3932,0.0,False
51.2494,0.0072,-0.6546,0,-3,-3.3272,0.3932,0.0,False
51.2578,-0.0465,-0.6048,0,-3,-3.3272,0.3932,0.0,False
51.266200000000005,0.1692,-0.7009,0,-3,-3.3272,0.3932,0.0,False
51.2744,-0.0586,-0.6431,0,-3,-3.3272,0.3932,0.0,False
51.283,0.0291,-0.6259,0,-3,-3.3272,0.3932,0.0,False
51.2912,-0.0563,-0.6291,0,-3,-3.3272,0.3932,0.0,False
51.2994,-0.0173,-0.6521,0,-3,-3.3272,0.3932,0.0,False
51.3078,-0.3242,-0.6375,0,-3,-3.3272,0.3932,0.0,False
51.3162,0.0321,-0.6067,0,-3,-3.3272,0.3932,0.0,False
51.324400000000004,-0.0384,-0.5761,0,-3,-3.3272,0.3932,0.0,False
51.3328,-0.0231,-0.5949,0,-3,-3.3272,0.3932,0.0,False
51.3412,0.1496,-0.4716,0,-3,-3.3272,0.3932,0.0,False
51.3494,0.0844,-0.613,0,-3,-3.3272,0.3932,0.0,False
51.357800000000005,0.1127,-0.6133,0,-3,-3.3272,0.3932,0.0,False
51.3662,0.2646,-0.8375,0,-3,-3.3272,0.3932,0.0,False
51.3744,-0.0292,-0.8489,0,-3,-3.3272,0.3932,0.0,False
51.3829,0.1815,-0.5375,0,-3,-3.3272,0.3932,0.0,False
51.391200000000005,0.0987,-0.8152,0,-3,-3.3272,0.3932,0.0,False
51.3994,0.0462,-0.669,0,-3,-3.3272,0.3932,0.0,False
51.408,0.1751,-0.8941,0,-3,-3.3272,0.3932,0.0,False
51.4162,0.0858,-1.0132,0,-3,-3.3272,0.3932,0.0,False
51.4244,0.016,-0.7057,0,-3,-3.3272,0.3932,0.0,False
51.4328,-0.1204,-0.8658,0,-3,-3.3272,0.3932,0.0,False
51.441500000000005,-0.0996,-0.952,0,-3,-3.3272,0.3932,0.0,False
51.449400000000004,-0.0352,-0.7282,0,-3,-3.3272,0.3932,0.0,False
51.4578,0.1179,-0.9724,0,-3,-3.3272,0.3932,0.0,False
51.466300000000004,0.0872,-0.6263,0,-3,-3.3272,0.3932,0.0,False
51.4744,-0.0352,-0.878,0,-3,-3.3272,0.3932,0.0,False
51.482800000000005,-0.0297,-0.9582,0,-3,-3.3272,0.3932,0.0,False
51.4912,0.1181,-0.7835,0,-3,-3.3272,0.3932,0.0,False
51.4994,0.1435,-0.8947,0,-3,-3.3272,0.3932,0.0,False
51.508,0.2513,-1.0318,0,-3,-3.3272,0.3932,0.0,False
51.516200000000005,0.0335,-1.0548,0,-3,-3.3272,0.3932,0.0,False
